# File compiled in Jan 2016 using the file DYFAMED_AT-CT_1998-2013.xlsx provided by L. Coppola in March 2014
#Alkalinity and DIC at DYFAMED from 1998 to 2000 (Copin et al.)							
#Flag 0 and 9 : no measurement, flag 2 : good data, flag 3 : questionnable data, flag 4 : not good data
#Date	pressure (db)	pot. Temp (degC)	salinity 	TA(µmol/kg)	QF	TCO2(µmol/kg)	QF
date	pressure	temp	salinity	AT	QF_AT	CT	QF_CT
2/6/98	5	13.80	38.05	2536.20	2	2243.90	2
2/6/98	10	13.77	38.08	2540.50	2	2246.50	2
2/6/98	20	13.65	38.11	2543.20	2	2252.30	2
2/6/98	30	13.57	38.11	2539.50	2	2248.70	2
2/6/98	49	13.51	38.12	2543.20	2	2251.70	2
2/6/98	70	13.40	38.13	2542.60	2	2254.00	2
2/6/98	90	13.32	38.15	2542.00	2	2254.20	2
2/6/98	110	13.30	38.17	2544.80	2	2261.20	2
2/6/98	130	13.54	38.33	NaN	0	NaN	0
2/6/98	150	13.15	38.29	2557.10	2	2288.70	2
2/6/98	200	13.05	38.31	2560.20	2	2292.00	2
2/6/98	300	13.37	38.50	2580.80	2	2315.60	2
2/6/98	400	13.41	38.56	2584.90	2	2319.60	2
2/6/98	500	13.40	38.57	2585.10	2	2319.50	2
2/6/98	600	13.33	38.56	2588.00	2	2320.00	2
2/6/98	700	13.28	38.56	2589.20	2	2318.90	2
2/6/98	800	13.21	38.54	2585.80	2	2314.50	2
2/6/98	1000	13.09	38.51	2585.80	2	2314.30	2
2/6/98	1251	12.98	38.49	2579.20	2	2309.70	2
2/6/98	1500	12.88	38.46	2575.50	2	2307.00	2
2/6/98	2000	12.80	38.44	2579.30	2	2310.60	2
3/16/98	5	13.39	38.29	2562.20	2	2270.00	2
3/16/98	9	13.30	38.29	2562.70	2	2269.90	2
3/16/98	20	13.23	38.29	2564.00	2	2275.00	2
3/16/98	30	13.13	38.30	2562.80	2	2279.60	2
3/16/98	39	13.15	38.31	NaN	0	NaN	0
3/16/98	49	13.20	38.34	2566.20	2	2292.40	2
3/16/98	70	13.13	38.35	2567.20	2	2287.00	2
3/16/98	89	13.11	38.35	2566.80	2	2287.50	2
3/16/98	110	13.26	38.40	2571.40	2	2297.10	2
3/16/98	129	13.60	38.52	2583.10	2	2312.20	2
3/16/98	151	13.60	38.54	2585.50	2	2316.10	2
3/16/98	200	13.46	38.55	2586.20	2	2321.30	2
3/16/98	299	13.45	38.57	2588.20	2	2320.80	2
3/16/98	400	13.36	38.57	2588.70	2	2320.10	2
3/16/98	500	13.36	38.57	2591.80	2	2318.60	2
3/16/98	601	13.32	38.57	2589.40	2	2314.40	2
3/16/98	701	13.19	38.54	2587.60	2	2314.40	2
3/16/98	801	13.16	38.53	2587.10	2	2313.90	2
3/16/98	1001	13.02	38.50	2584.10	2	2313.10	2
3/16/98	1250	12.93	38.47	2581.70	2	2311.20	2
3/16/98	1500	12.86	38.45	2580.70	2	2310.40	2
3/16/98	1999	12.80	38.44	2579.10	2	2310.20	2
4/25/98	5	15.62	38.08	2541.40	2	2240.50	2
4/25/98	9	14.45	38.08	2543.00	2	2241.00	2
4/25/98	21	14.10	38.09	2545.10	2	2247.60	2
4/25/98	30	13.77	38.13	2546.50	2	2256.10	2
4/25/98	39	13.50	38.23	2558.40	2	2294.10	2
4/25/98	50	13.37	38.30	2561.60	2	2301.80	2
4/25/98	70	13.36	38.36	2565.00	2	2307.10	2
4/25/98	90	13.41	38.40	2570.00	2	2312.00	2
4/25/98	110	13.38	38.43	2571.30	2	2316.60	2
4/25/98	130	13.38	38.46	2574.60	2	2319.20	2
4/25/98	150	13.31	38.46	2576.60	2	2320.30	2
4/25/98	199	13.39	38.52	NaN	0	NaN	0
4/25/98	300	13.39	38.56	2589.20	2	2325.30	2
4/25/98	400	13.36	38.57	2592.50	2	2324.40	2
4/25/98	501	13.27	38.55	2591.10	2	2320.60	2
4/25/98	600	13.21	38.54	2590.30	2	2318.30	2
4/25/98	700	13.20	38.54	2589.10	2	2315.50	2
4/25/98	800	13.12	38.52	2587.70	2	2314.10	2
4/25/98	1000	13.04	38.50	2587.40	2	2316.00	2
4/25/98	1249	12.93	38.47	2583.10	2	2312.40	2
4/25/98	1500	12.84	38.45	2582.30	2	2311.80	2
4/25/98	2000	12.80	38.44	2580.70	2	2311.70	2
5/6/98	5	14.96	38.11	2545.30	2	2232.20	2
5/6/98	10	14.61	38.11	2544.60	2	2233.10	2
5/6/98	20	14.49	38.10	2547.70	2	2234.70	2
5/6/98	30	13.65	38.16	2553.10	2	2246.50	2
5/6/98	40	13.47	38.20	2555.20	2	2260.90	2
5/6/98	50	13.37	38.23	2557.90	2	2276.10	2
5/6/98	70	13.20	38.32	2564.30	2	2291.60	2
5/6/98	89	13.14	38.36	NaN	0	NaN	0
5/6/98	110	13.20	38.40	2572.10	2	2304.50	2
5/6/98	130	13.26	38.43	2577.40	2	2313.30	2
5/6/98	150	13.34	38.47	2580.40	2	2316.60	2
5/6/98	201	13.38	38.52	2586.90	2	2321.40	2
5/6/98	300	13.41	38.57	2590.60	2	2320.80	2
5/6/98	400	13.36	38.57	NaN	0	NaN	0
5/6/98	500	13.30	38.56	2593.00	2	2321.20	2
5/6/98	600	13.25	38.55	2590.10	2	2314.90	2
5/6/98	700	13.19	38.54	2587.40	2	2313.90	2
5/6/98	800	13.13	38.52	2587.10	2	2314.40	2
5/6/98	1000	13.04	38.50	2586.40	2	2316.70	2
5/6/98	1250	12.93	38.47	2588.10	2	2321.50	2
5/6/98	1500	12.84	38.45	2579.80	2	2313.90	2
5/6/98	2000	12.79	38.44	2580.90	2	2316.00	2
6/16/98	5	17.75	38.07	2537.50	2	2219.90	2
6/16/98	10	17.65	38.07	2539.10	2	2220.10	2
6/16/98	20	14.75	38.14	2546.00	2	2226.50	2
6/16/98	30	14.05	38.16	2549.50	2	2234.20	2
6/16/98	40	13.69	38.18	2552.80	2	2253.10	2
6/16/98	50	13.39	38.21	2552.50	2	2275.20	2
6/16/98	70	13.31	38.24	2555.50	2	2284.70	2
6/16/98	90	13.21	38.29	2556.80	2	2289.60	2
6/16/98	110	13.31	38.35	2565.10	2	2302.20	2
6/16/98	130	13.23	38.37	2567.30	2	2305.10	2
6/16/98	150	13.31	38.43	2573.60	2	2311.60	2
6/16/98	200	13.42	38.51	2579.30	2	2316.70	2
6/16/98	300	13.44	38.56	2586.80	2	2320.50	2
6/16/98	401	13.40	38.57	2588.80	2	2319.70	2
6/16/98	601	13.26	38.55	2589.00	2	2316.00	2
6/16/98	701	13.21	38.54	2588.10	2	2314.10	2
6/16/98	804	13.18	38.54	2588.70	2	2315.60	2
6/16/98	999	13.06	38.51	2583.30	2	NaN	0
6/16/98	1249	12.93	38.47	2580.50	2	2310.70	2
6/16/98	1499	12.85	38.45	2580.20	2	2310.40	2
6/16/98	2000	12.79	38.44	2580.00	2	2307.70	2
7/22/98	6	24.31	38.29	NaN	0	NaN	0
7/22/98	10	22.85	38.21	NaN	0	NaN	0
7/22/98	20	15.31	38.24	NaN	0	NaN	0
7/22/98	30	14.07	38.30	NaN	0	NaN	0
7/22/98	40	13.40	38.34	NaN	0	NaN	0
7/22/98	50	13.26	38.35	NaN	0	NaN	0
7/22/98	70	13.23	38.39	NaN	0	NaN	0
7/22/98	90	13.25	38.42	NaN	0	NaN	0
7/22/98	111	13.32	38.47	NaN	0	NaN	0
7/22/98	130	13.35	38.49	NaN	0	NaN	0
7/22/98	150	13.42	38.53	NaN	0	NaN	0
7/22/98	201	13.42	38.55	NaN	0	NaN	0
7/22/98	300	13.36	38.56	NaN	0	NaN	0
7/22/98	400	13.36	38.57	NaN	0	NaN	0
7/22/98	500	13.30	38.56	NaN	0	NaN	0
7/22/98	601	13.24	38.55	NaN	0	NaN	0
7/22/98	700	13.20	38.54	NaN	0	NaN	0
7/22/98	800	13.14	38.53	NaN	0	NaN	0
7/22/98	1000	13.03	38.50	NaN	0	NaN	0
7/22/98	1251	12.94	38.47	NaN	0	NaN	0
7/22/98	1501	12.87	38.45	NaN	0	NaN	0
7/22/98	2000	12.80	38.44	NaN	0	NaN	0
8/19/98	5	25.11	38.26	2557.70	2	2204.30	2
8/19/98	10	23.51	38.19	2552.20	2	2207.90	2
8/19/98	20	15.20	38.20	2556.90	2	2224.30	2
8/19/98	30	14.11	38.23	2557.60	2	2261.70	2
8/19/98	40	13.62	38.27	2564.60	2	2287.70	2
8/19/98	49	13.40	38.30	2564.00	2	2306.10	2
8/19/98	70	13.25	38.35	2565.40	2	2313.00	2
8/19/98	90	13.24	38.38	2566.50	2	2309.50	2
8/19/98	110	13.25	38.41	2575.90	2	2314.30	2
8/19/98	129	13.28	38.44	2573.20	2	2319.90	2
8/19/98	150	13.31	38.47	NaN	0	NaN	0
8/19/98	202	13.38	38.52	2583.40	2	2322.50	2
8/19/98	301	13.37	38.56	NaN	0	NaN	0
8/19/98	400	13.34	38.56	NaN	0	NaN	0
8/19/98	500	13.31	38.56	2586.90	2	2318.80	2
8/19/98	599	13.25	38.55	2589.90	2	2317.10	2
8/19/98	699	13.18	38.53	2588.60	2	2320.30	2
8/19/98	800	13.14	38.52	2586.80	2	2315.50	2
8/19/98	1000	13.04	38.50	2586.10	2	2314.80	2
8/19/98	1249	12.94	38.47	2579.60	2	2313.00	2
8/19/98	1500	12.86	38.45	2581.30	2	2310.60	2
8/19/98	2000	12.80	38.44	2580.30	2	2306.20	2
9/4/98	5	21.23	38.28	2557.80	2	2206.10	2
9/4/98	10	18.41	38.21	2557.30	2	2219.00	2
9/4/98	20	14.36	38.23	2559.30	2	2241.50	2
9/4/98	30	13.89	38.23	2561.10	2	2265.60	2
9/4/98	40	13.45	38.28	2561.70	2	2293.20	2
9/4/98	50	13.32	38.32	2567.40	2	2308.40	2
9/4/98	69	13.18	38.33	2565.60	2	2303.10	2
9/4/98	90	13.22	38.39	2568.80	2	2310.00	2
9/4/98	109	13.28	38.43	2573.90	2	2317.80	2
9/4/98	129	13.32	38.46	2576.50	2	2319.00	2
9/4/98	149	13.37	38.49	2580.30	2	2321.20	2
9/4/98	199	13.39	38.53	2581.80	2	2318.50	2
9/4/98	299	13.40	38.56	2587.50	2	2322.90	2
9/4/98	399	13.33	38.56	2589.70	2	2321.70	2
9/4/98	499	13.28	38.56	2589.00	2	2318.60	2
9/4/98	599	13.28	38.56	2590.50	2	2318.40	2
9/4/98	700	13.17	38.53	2587.20	2	2318.60	2
9/4/98	798	13.12	38.52	2586.30	2	2315.10	2
9/4/98	1000	13.03	38.50	2582.10	2	2316.00	2
9/4/98	1250	12.92	38.47	2583.00	2	2312.60	2
9/4/98	1500	12.84	38.45	2582.70	2	2313.00	2
9/4/98	2004	12.79	38.44	2578.30	2	2311.50	2
10/10/98	5	17.74	38.16	2549.30	2	2221.00	2
10/10/98	10	17.49	38.13	2540.50	2	2220.60	2
10/10/98	20	16.96	38.15	2550.00	2	2232.70	2
10/10/98	30	13.83	38.22	NaN	0	NaN	0
10/10/98	40	13.43	38.24	2556.80	2	2285.70	2
10/10/98	51	13.32	38.26	2561.40	2	2292.90	2
10/10/98	70	13.25	38.29	2558.80	2	2294.70	2
10/10/98	91	13.21	38.34	2564.30	2	2301.20	2
10/10/98	111	13.19	38.38	2573.00	2	2306.20	2
10/10/98	131	13.25	38.42	2573.40	2	2313.40	2
10/10/98	151	13.25	38.44	2577.50	2	2315.10	2
10/10/98	201	13.30	38.49	2578.10	2	2315.20	2
12/9/98	5	14.33	38.16	2547.20	2	2243.80	2
12/9/98	10	14.33	38.16	2546.70	2	2244.40	2
12/9/98	20	14.33	38.16	2546.20	2	2244.30	2
12/9/98	39	13.92	38.19	2549.60	2	2284.90	2
12/9/98	50	13.76	38.21	2547.20	2	2286.90	2
12/9/98	70	13.58	38.20	2554.50	2	NaN	0
12/9/98	90	13.53	38.22	2556.10	2	NaN	0
12/9/98	110	13.50	38.23	2554.60	2	2282.00	2
12/9/98	130	13.44	38.26	2559.10	2	2293.80	2
12/9/98	150	13.37	38.32	2563.00	2	2300.80	2
12/9/98	201	13.45	38.42	2574.80	2	NaN	0
12/9/98	400	13.38	38.55	2591.50	2	2328.50	2
12/9/98	501	13.45	38.58	NaN	0	NaN	0
12/9/98	601	13.41	38.58	2593.20	2	2320.60	2
12/9/98	700	13.32	38.57	2591.70	2	NaN	2
12/9/98	802	13.23	38.54	2591.50	2	2319.10	2
12/9/98	1001	13.11	38.51	2587.20	2	NaN	2
12/9/98	1249	12.99	38.48	2583.00	2	2312.20	2
12/9/98	1500	12.88	38.46	NaN	0	NaN	0
12/9/98	2009	12.81	38.44	2579.60	2	2312.10	2
1/26/99	5	13.33	38.15	2544.60	2	2249.00	2
1/26/99	10	13.33	38.15	2549.80	2	2255.60	2
1/26/99	20	13.35	38.18	2551.50	2	2261.00	2
1/26/99	30	13.26	38.20	2552.40	2	2262.40	2
1/26/99	37	13.20	38.20	2556.40	2	2273.50	2
1/26/99	49	13.34	38.28	2559.20	2	2278.90	2
1/26/99	70	13.11	38.27	2553.60	2	2275.30	2
1/26/99	89	13.55	38.41	2570.10	2	2304.80	2
1/26/99	109	13.46	38.44	2570.80	2	2303.70	2
1/26/99	130	13.62	38.50	2577.50	2	2310.10	2
1/26/99	150	13.28	38.44	2576.20	2	2311.70	2
1/26/99	200	13.46	38.54	2582.60	2	2314.90	2
2/4/99	300	13.44	38.54	NaN	0	NaN	0
2/4/99	500	13.42	38.58	NaN	0	NaN	0
2/4/99	600	13.34	38.57	NaN	0	NaN	0
2/4/99	700	13.27	38.55	NaN	0	NaN	0
2/4/99	800	13.19	38.53	NaN	0	NaN	0
2/4/99	1000	13.08	38.51	NaN	0	NaN	0
2/4/99	1250	12.94	38.47	NaN	0	NaN	0
2/4/99	2000	12.80	38.44	NaN	0	NaN	0
2/21/99	6	13.00	38.21	2552.20	2	NaN	2
2/21/99	9	12.92	38.22	2553.10	2	NaN	2
2/21/99	20	13.02	38.30	2561.20	2	2285.00	2
2/21/99	30	13.03	38.34	2563.00	2	2284.80	2
2/21/99	39	13.01	38.37	2566.40	2	2292.80	2
2/21/99	50	13.00	38.38	2566.40	2	2291.00	2
2/21/99	71	12.97	38.38	2570.00	2	2294.50	2
2/21/99	90	13.00	38.40	2570.60	2	2296.00	2
2/21/99	111	13.09	38.43	2572.40	2	2300.20	2
2/21/99	130	13.15	38.46	2572.90	2	2301.70	2
2/21/99	149	13.13	38.46	2575.00	2	2305.40	2
2/21/99	199	13.50	38.58	2589.90	2	2322.40	2
2/21/99	300	13.45	38.58	2591.70	2	2323.30	2
2/21/99	401	13.38	38.57	2588.80	2	2320.50	2
2/21/99	500	13.30	38.56	2588.60	2	2318.80	2
2/21/99	600	13.25	38.55	2589.40	2	2317.80	2
2/21/99	699	13.19	38.54	2586.30	2	2316.50	2
2/21/99	798	13.16	38.53	2586.50	2	2314.70	2
2/21/99	1000	13.03	38.50	2587.40	2	2315.80	2
2/21/99	1249	12.94	38.47	2583.20	2	NaN	0
2/21/99	1500	12.85	38.45	2580.60	2	2310.30	2
2/21/99	1999	12.80	38.44	2583.70	2	2309.70	2
3/19/99	NaN	NaN	38.43	2574.20	2	2272.70	2
3/19/99	NaN	NaN	38.43	2577.00	2	2284.60	2
3/19/99	5	13.17	38.43	2575.00	2	2288.50	2
3/19/99	10	13.07	38.43	2573.60	2	2295.90	2
3/19/99	20	13.01	38.43	2574.10	2	2290.00	2
3/19/99	29	13.00	38.43	2574.40	2	2291.40	2
3/19/99	40	12.99	38.43	2574.60	2	2294.20	2
3/19/99	50	12.99	38.43	2573.00	2	2294.70	2
3/19/99	70	12.98	38.43	2572.70	2	2295.50	2
3/19/99	89	12.98	38.43	2573.30	2	2294.60	2
3/19/99	110	12.98	38.43	2573.40	2	2295.40	2
3/19/99	130	12.98	38.43	2573.90	2	2297.60	2
3/19/99	150	12.97	38.43	2573.10	2	2296.60	2
3/19/99	200	12.95	38.43	2571.80	2	2302.60	2
3/19/99	300	13.00	38.44	2570.90	2	2303.00	2
3/19/99	400	13.09	38.48	2577.70	2	2309.80	2
3/19/99	499	13.19	38.52	2584.10	2	2317.00	2
3/19/99	600	13.30	38.56	2587.40	2	2320.50	2
3/19/99	700	13.21	38.54	2585.90	2	2315.90	2
3/19/99	800	13.17	38.53	2585.60	2	2314.80	2
3/19/99	999	13.05	38.50	2588.40	2	2317.00	2
3/19/99	1249	12.93	38.47	2583.00	2	2311.80	2
3/19/99	1498	12.85	38.45	2579.20	2	2309.30	2
3/19/99	2001	12.80	38.44	2579.60	2	2306.60	2
4/11/99	3	13.76	38.27	2559.80	2	2258.00	2
4/11/99	3	13.77	38.27	2558.70	2	2256.30	2
4/11/99	5	13.57	38.27	2557.20	2	2254.60	2
4/11/99	10	13.41	38.27	2557.30	2	2255.10	2
4/11/99	20	13.32	38.27	2557.00	2	2257.00	2
4/11/99	29	13.31	38.29	2560.00	2	2263.00	2
4/11/99	40	13.27	38.30	2560.20	2	2267.00	2
4/11/99	49	13.11	38.30	2559.30	2	2276.90	2
4/11/99	69	13.05	38.35	2560.90	2	2285.20	2
4/11/99	90	13.10	38.39	2566.00	2	2295.20	2
4/11/99	99	13.13	38.40	2566.60	2	2295.50	2
4/11/99	130	13.17	38.43	2570.20	2	2301.40	2
4/11/99	149	13.20	38.44	2571.80	2	2303.50	2
4/11/99	199	13.15	38.45	2572.40	2	2302.40	2
4/11/99	300	13.16	38.49	2576.10	2	2309.50	2
4/11/99	400	13.32	38.54	2583.40	2	2315.10	2
4/11/99	499	13.37	38.56	2585.80	2	2318.00	2
4/11/99	598	13.33	38.56	2588.20	2	2318.90	2
4/11/99	701	13.29	38.56	2585.60	2	2315.30	2
4/11/99	801	13.24	38.55	2586.40	2	2315.60	2
4/11/99	1000	13.16	38.53	2586.00	2	2314.80	2
4/11/99	1249	13.04	38.50	2583.10	2	2312.40	2
4/11/99	1999	12.82	38.44	2578.70	2	2306.80	2
5/15/99	5	17.74	38.31	2561.20	2	2246.80	2
5/15/99	9	16.74	38.28	2560.00	2	2247.80	2
5/15/99	20	14.29	38.29	2560.40	2	2252.00	2
5/15/99	29	13.75	38.31	2562.10	2	2264.20	2
5/15/99	40	13.46	38.33	2563.70	2	2274.60	2
5/15/99	49	13.44	38.39	2568.00	2	2280.70	2
5/15/99	69	13.27	38.40	2569.40	2	2287.30	2
5/15/99	89	13.15	38.41	2568.90	2	2296.20	2
5/15/99	110	13.17	38.45	2573.10	2	2304.10	2
5/15/99	129	13.21	38.47	2574.90	2	2306.50	2
5/15/99	150	13.17	38.47	2573.80	2	2305.80	2
5/15/99	199	13.34	38.54	2584.00	2	2313.70	2
5/15/99	300	13.25	38.54	2586.00	2	2318.20	2
5/15/99	400	13.35	38.57	2591.60	2	2320.10	2
5/15/99	500	13.32	38.56	2589.10	2	2319.70	2
5/15/99	601	13.27	38.56	2588.40	2	2314.80	2
5/15/99	800	13.15	38.53	2587.10	2	2313.40	2
5/15/99	999	13.05	38.50	2583.60	2	2313.20	2
5/15/99	1249	12.94	38.48	2578.70	2	2309.80	2
5/15/99	1500	12.87	38.46	2582.50	2	2312.30	2
5/15/99	2001	12.80	38.44	2580.80	2	2309.00	2
6/12/99	5	21.27	38.32	2566.70	2	2243.10	2
6/12/99	10	21.18	38.32	2565.30	2	2241.60	2
6/12/99	10	20.97	38.30	2564.00	2	2243.60	2
6/12/99	31	14.23	38.34	2568.30	2	2251.30	2
6/12/99	40	13.76	38.34	2569.20	2	2256.00	2
6/12/99	50	13.42	38.36	2566.20	2	2284.00	2
6/12/99	70	13.24	38.40	2568.20	2	2296.70	2
6/12/99	90	13.13	38.40	2567.90	2	2301.60	2
6/12/99	109	13.17	38.43	2571.30	2	2307.40	2
6/12/99	130	13.17	38.45	2573.50	2	2310.90	2
6/12/99	149	13.17	38.47	2573.80	2	2311.60	2
6/12/99	199	13.23	38.50	2577.60	2	2315.90	2
6/12/99	301	13.32	38.55	NaN	0	NaN	0
6/12/99	400	13.31	38.55	2586.20	2	2320.10	2
6/12/99	500	13.30	38.56	2587.70	2	2320.30	2
6/12/99	600	13.27	38.55	2587.20	2	2317.30	2
6/12/99	700	13.21	38.54	2589.40	2	2317.90	2
6/12/99	800	13.17	38.53	2589.40	2	2317.10	2
6/12/99	987	13.06	38.50	2586.20	2	2315.60	2
6/12/99	1250	12.94	38.47	2582.00	2	2311.80	2
6/12/99	1500	12.88	38.46	2579.60	2	2310.40	2
6/12/99	2000	12.80	38.44	2581.10	2	2311.70	2
7/10/99	5	22.80	38.44	2570.70	2	2234.50	2
7/10/99	10	21.80	38.40	2564.40	2	2234.40	2
7/10/99	19	15.37	38.19	2557.40	2	2236.90	2
7/10/99	31	13.88	38.22	2557.30	2	2253.20	2
7/10/99	39	13.51	38.25	2558.30	2	2265.10	2
7/10/99	50	13.33	38.27	2559.10	2	2284.40	2
7/10/99	69	13.22	38.32	2564.10	2	2292.00	2
7/10/99	90	13.18	38.35	2565.10	2	2293.60	2
7/10/99	110	13.22	38.39	2569.00	2	2296.30	2
7/10/99	130	13.20	38.42	2571.10	2	2302.10	2
7/10/99	151	13.18	38.43	2572.30	2	2304.20	2
7/10/99	199	13.30	38.50	2578.90	2	2312.10	2
7/10/99	299	13.27	38.52	2584.10	2	2317.70	2
7/10/99	399	13.33	38.55	2587.60	2	2318.20	2
7/10/99	500	13.31	38.56	2587.20	2	2316.70	2
7/10/99	600	13.29	38.56	2590.00	2	2318.30	2
7/10/99	697	13.25	38.55	2590.20	2	2316.60	2
7/10/99	799	13.19	38.54	2587.80	2	2314.50	2
7/10/99	1000	13.09	38.51	2585.40	2	2313.30	2
7/10/99	1251	12.98	38.49	2582.30	2	2312.30	2
7/10/99	1501	12.88	38.46	2580.00	2	2311.90	2
7/10/99	2001	12.80	38.44	2579.00	2	2312.60	2
10/3/99	5	22.01	38.33	2565.60	2	2214.60	2
10/3/99	16	21.91	38.32	2563.70	2	2215.30	2
10/3/99	20	15.22	38.29	2564.90	2	2239.10	2
10/3/99	30	14.33	38.32	2569.40	2	2264.10	2
10/3/99	40	13.58	38.36	2569.60	2	2286.90	2
10/3/99	50	13.34	38.37	2570.10	2	2303.30	2
10/3/99	60	13.28	38.39	2566.50	2	2307.00	2
10/3/99	70	13.23	38.41	2570.60	2	2311.00	2
10/3/99	80	13.21	38.42	2573.40	2	2313.20	2
10/3/99	90	13.19	38.43	2572.40	2	2313.10	2
10/3/99	110	13.21	38.46	2575.90	2	2316.00	2
10/3/99	150	13.31	38.51	2580.20	2	2318.30	2
10/3/99	200	13.31	38.53	2582.10	2	2317.60	2
10/3/99	300	13.29	38.54	2587.80	2	2321.20	2
10/3/99	399	13.27	38.55	2588.80	2	2321.10	2
10/3/99	600	13.20	38.54	2589.00	2	2317.30	2
10/3/99	800	13.12	38.52	2586.10	2	2313.00	2
10/3/99	998	13.01	38.49	2584.40	2	2315.20	2
10/3/99	1200	12.92	38.47	2582.40	2	2312.10	2
10/3/99	1500	12.83	38.45	2581.80	2	2310.90	2
10/3/99	1800	12.80	38.44	2581.10	2	2310.20	2
10/3/99	2100	12.80	38.44	2582.50	2	2311.50	2
10/3/99	2244	12.81	38.44	2582.40	2	2304.80	2
10/28/99	4	19.85	37.72	NaN	0	NaN	0
10/28/99	10	19.45	38.12	2549.10	2	2204.00	2
10/28/99	18	18.62	38.13	2548.80	2	2208.30	2
10/28/99	29	17.89	38.15	NaN	0	NaN	0
10/28/99	39	17.46	38.28	2564.90	2	2226.40	2
10/28/99	51	14.87	38.19	2558.20	2	2263.70	2
10/28/99	70	13.33	38.28	2559.60	2	2290.20	2
10/28/99	90	13.21	38.33	2568.30	2	2299.70	2
10/28/99	110	13.23	38.39	2574.40	2	2305.40	2
10/28/99	130	13.23	38.41	2576.00	2	2306.00	2
10/28/99	130	13.24	38.42	2573.60	2	2304.30	2
10/28/99	150	13.27	38.45	2576.30	2	2306.20	2
10/28/99	200	13.33	38.51	2581.60	2	2310.70	2
10/28/99	300	13.34	38.54	2585.40	2	2315.80	2
10/28/99	400	13.34	38.56	2588.00	2	2318.70	2
10/28/99	500	13.29	38.55	2588.20	2	2319.20	2
10/28/99	600	13.25	38.55	2589.30	2	2316.90	2
10/28/99	700	13.20	38.54	2587.30	2	2314.30	2
10/28/99	800	13.18	38.53	2588.20	2	2313.40	2
10/28/99	1000	13.05	38.50	2583.00	2	2310.30	2
10/28/99	1250	12.95	38.47	2581.10	2	2311.40	2
10/28/99	1500	12.88	38.46	2582.00	2	2313.20	2
10/28/99	2000	12.81	38.44	NaN	0	NaN	0
12/18/99	5	13.26	38.24	2556.70	2	2266.90	2
12/18/99	9	13.26	38.24	2557.70	2	2267.00	2
12/18/99	20	13.26	38.24	2557.50	2	2266.50	2
12/18/99	30	13.26	38.24	2557.30	2	2264.70	2
12/18/99	39	13.25	38.24	2559.00	2	2269.80	2
12/18/99	50	13.25	38.24	2556.60	2	2266.80	2
12/18/99	69	13.24	38.24	2557.40	2	2269.20	2
12/18/99	89	13.26	38.26	2561.20	2	2277.40	2
12/18/99	109	13.27	38.36	2567.80	2	2299.10	2
12/18/99	129	13.27	38.44	2573.10	2	2311.40	2
12/18/99	149	13.31	38.47	2576.70	2	2314.40	2
12/18/99	199	13.37	38.52	2580.80	2	2316.90	2
12/18/99	300	13.42	38.56	2586.60	2	2321.30	2
12/18/99	398	13.35	38.56	2587.40	2	2321.10	2
12/18/99	698	13.23	38.54	2589.10	2	2319.50	2
12/18/99	799	13.17	38.53	2586.10	2	2316.20	2
12/18/99	1000	13.04	38.50	2584.90	2	2314.10	2
12/18/99	1250	12.93	38.47	2580.90	2	2311.30	2
12/18/99	1499	12.85	38.45	2580.30	2	2309.70	2
12/18/99	2000	12.80	38.44	2575.60	2	2299.80	2
1/30/00	4	13.17	38.45	2576.70	2	2306.40	2
1/30/00	10	13.12	38.45	2576.30	2	2305.00	2
1/30/00	20	13.11	38.46	2576.50	2	2305.90	2
1/30/00	30	13.11	38.46	2577.90	2	2308.80	2
1/30/00	40	13.11	38.46	2577.70	2	2307.90	2
1/30/00	50	13.15	38.48	2579.80	2	2312.50	2
1/30/00	70	13.15	38.48	2579.00	2	2311.00	2
1/30/00	90	13.26	38.51	2583.60	2	2319.00	2
1/30/00	104	13.32	38.53	2586.80	2	2322.70	2
1/30/00	129	13.29	38.52	2583.40	2	2318.60	2
1/30/00	150	13.24	38.51	2580.50	2	2315.30	2
1/30/00	202	13.30	38.53	2583.80	2	2320.10	2
1/30/00	299	13.44	38.58	2590.30	2	2324.00	2
1/30/00	400	13.33	38.56	2588.00	2	2321.70	2
1/30/00	500	13.28	38.55	2589.80	2	2322.70	2
1/30/00	599	13.25	38.55	2592.60	2	NaN	0
1/30/00	699	13.22	38.54	2590.10	2	2319.80	2
1/30/00	799	13.21	38.54	2592.30	2	2320.50	2
1/30/00	1000	13.11	38.51	2587.80	2	2315.90	2
1/30/00	1248	12.99	38.48	2584.80	2	2314.50	2
1/30/00	1500	12.89	38.46	2583.20	2	2314.10	2
1/30/00	2001	12.81	38.44	2582.30	2	2307.00	2
2/22/00	5	12.91	38.35	2568.30	2	2285.50	2
2/22/00	9	12.92	38.35	2569.60	2	2286.20	2
2/22/00	19	12.93	38.36	2568.90	2	2286.00	2
2/22/00	29	12.93	38.36	2569.10	2	2287.60	2
2/22/00	50	12.95	38.37	2569.80	2	2290.60	2
2/22/00	90	13.04	38.43	2575.00	2	2302.10	2
2/22/00	109	13.06	38.44	2576.10	2	2303.70	2
2/22/00	130	13.08	38.45	2575.80	2	2305.70	2
2/22/00	150	13.07	38.45	2576.00	2	2306.00	2
2/22/00	200	13.06	38.45	2576.20	2	2306.80	2
2/22/00	249	13.06	38.46	2577.70	2	2307.80	2
2/22/00	401	13.17	38.50	2583.00	2	2317.00	2
2/22/00	500	13.31	38.55	2588.90	2	2322.30	2
2/22/00	601	13.30	38.56	2590.90	2	2323.90	2
2/22/00	701	13.26	38.55	2589.90	2	2320.80	2
2/22/00	800	13.22	38.54	2589.60	2	2319.40	2
2/22/00	1001	13.13	38.52	2588.30	2	2317.60	2
2/22/00	1250	13.04	38.50	2585.90	2	2315.30	2
2/22/00	1502	12.95	38.47	2584.90	2	2314.50	2
2/22/00	2006	12.82	38.44	2580.90	2	2304.90	2
8/1/03	5	24.25	38.13	2542.22	2	2249.04	2
8/1/03	10	24.07	38.00	NaN	0	2247.16	2
8/1/03	20	NaN	38.00	NaN	0	NaN	0
8/1/03	30	15.10	38.19	2556.36	2	2249.04	2
8/1/03	40	14.01	38.22	2559.69	2	2263.00	2
8/1/03	70	13.23	38.31	2568.73	2	2326.17	2
8/1/03	90	13.23	38.36	2573.35	2	2328.94	2
8/1/03	110	13.24	38.39	2579.04	2	2333.88	2
8/1/03	130	13.34	38.44	2567.65	2	2331.31	2
8/1/03	150	13.32	38.47	2580.66	2	2335.11	2
8/1/03	200	13.37	38.51	2579.24	2	2336.05	2
8/1/03	300	13.48	38.58	2593.21	2	2346.42	2
8/1/03	400	13.47	38.60	2599.46	2	2351.75	2
8/1/03	500	13.41	38.59	2597.69	2	2342.77	2
8/1/03	600	13.37	38.58	2596.22	2	2327.85	2
8/1/03	700	13.28	38.56	2585.45	2	2318.67	2
8/1/03	800	13.23	38.55	2585.32	2	2318.72	2
8/1/03	1000	13.13	38.53	2593.21	2	2318.98	2
8/1/03	1250	13.01	38.49	2584.93	2	2330.04	2
8/1/03	1500	12.92	38.47	2581.49	2	2330.72	2
8/1/03	2000	12.83	38.45	2578.65	2	2329.63	2
9/20/03	5	NaN	38.34	NaN	0	NaN	0
9/20/03	9	22.37	38.33	2555.04	2	2223.62	2
9/20/03	19	21.35	38.24	2553.34	2	2223.72	2
9/20/03	30	18.23	38.13	2553.24	2	2229.26	2
9/20/03	50	14.22	38.22	NaN	0	NaN	0
9/20/03	69	13.38	38.28	2562.64	2	2298.69	2
9/20/03	90	13.27	38.34	2565.74	2	2318.21	2
9/20/03	110	NaN	38.39	2575.24	2	2321.53	2
9/20/03	132	13.34	38.42	2581.05	2	2330.19	2
9/20/03	150	13.38	38.47	2580.34	2	2326.26	2
9/20/03	201	NaN	38.52	2589.35	2	2331.49	2
9/20/03	300	13.42	38.56	2588.35	2	2330.49	2
9/20/03	400	NaN	38.58	2588.75	2	2332.70	2
9/20/03	500	NaN	38.58	2586.35	2	2331.70	2
9/20/03	600	13.39	38.57	2593.95	2	2327.67	2
9/20/03	700	13.27	38.56	2589.55	2	2329.38	2
9/20/03	800	NaN	38.50	2581.55	2	2324.15	2
9/20/03	1000	13.10	38.53	2592.35	2	2320.53	2
9/20/03	1240	12.98	38.50	2583.50	2	2322.14	2
9/20/03	1500	12.92	38.48	2589.15	2	2322.54	2
9/20/03	2000	12.82	38.45	2579.74	2	2323.75	2
9/20/03	2033	NaN	38.45	2585.15	2	2318.21	2
12/15/03	5	NaN	38.03	2543.81	2	2226.73	2
12/15/03	10	15.89	38.02	2538.72	2	2235.08	2
12/15/03	20	15.78	37.98	2530.24	2	2228.14	2
12/15/03	30	15.35	37.99	2538.22	2	2235.38	2
12/15/03	40	15.21	38.08	2548.20	2	2272.00	2
12/15/03	50	14.59	38.07	2542.61	2	2281.76	2
12/15/03	70	13.94	38.20	2555.08	2	2294.54	2
12/15/03	90	13.59	38.21	2556.87	2	2299.77	2
12/15/03	110	13.66	38.37	2562.46	2	2301.17	2
12/15/03	130	13.62	38.38	2558.67	2	2305.00	2
12/15/03	150	NaN	38.42	NaN	0	NaN	0
12/15/03	200	13.39	38.44	2586.29	2	2338.60	2
12/15/03	300	13.48	38.55	2583.30	2	2334.67	2
12/15/03	400	13.49	38.59	2593.17	2	2332.96	2
12/15/03	500	13.49	38.60	2587.79	2	2335.18	2
12/15/03	600	13.43	38.59	2588.79	2	2331.15	2
12/15/03	700	13.37	38.58	2585.00	2	2326.02	2
12/15/03	800	13.30	38.57	2589.19	2	2321.29	2
12/15/03	1000	13.18	38.54	2584.30	2	2315.26	2
12/15/03	1250	13.05	38.51	2581.51	2	2315.96	2
12/15/03	1500	12.94	38.48	2581.31	2	2317.77	2
12/15/03	2000	12.83	38.45	2576.32	2	2308.52	2
1/26/04	5	13.34	38.22	2545.50	2	2283.37	2
1/26/04	10	NaN	38.22	NaN	0	NaN	0
1/26/04	20	13.11	38.22	2545.10	2	2284.88	2
1/26/04	30	13.07	38.23	NaN	0	2289.40	2
1/26/04	40	13.06	38.23	2545.70	2	2290.51	2
1/26/04	50	13.05	38.24	2547.20	2	2289.20	2
1/26/04	70	13.05	38.25	2547.80	2	2293.03	2
1/26/04	90	NaN	38.37	NaN	0	NaN	0
1/26/04	110	13.36	38.40	2565.55	2	2321.09	2
1/26/04	130	13.30	38.42	2565.15	2	2327.73	2
1/26/04	150	13.42	38.49	2575.12	2	2332.56	2
1/26/04	200	13.48	38.54	2579.11	2	2332.06	2
1/26/04	300	NaN	38.60	NaN	0	NaN	0
1/26/04	400	NaN	38.60	NaN	0	NaN	0
1/26/04	500	NaN	38.60	NaN	0	NaN	0
1/26/04	600	NaN	38.60	NaN	0	NaN	0
1/26/04	1250	NaN	38.50	NaN	0	NaN	0
1/26/04	1500	12.94	38.47	2574.13	2	2324.11	2
1/26/04	2000	12.83	38.45	2573.63	2	2314.45	2
2/25/04	10	13.54	38.39	2568.84	2	2306.51	2
2/25/04	20	13.48	38.30	2567.44	2	2301.98	2
2/25/04	30	13.54	38.39	2563.06	2	2300.77	2
2/25/04	40	13.47	38.39	2560.26	2	2301.68	2
2/25/04	50	13.46	38.39	2562.76	2	2302.68	2
2/25/04	70	13.44	38.40	2566.95	2	2309.42	2
2/25/04	90	13.43	38.38	NaN	0	2303.79	2
2/25/04	110	13.39	38.38	2559.57	2	2307.81	2
2/25/04	130	NaN	38.38	2566.35	2	2299.26	2
2/25/04	150	NaN	38.38	NaN	0	2301.78	2
2/25/04	200	13.32	38.38	2560.26	2	2304.29	2
2/25/04	300	13.24	38.57	NaN	0	2323.16	2
2/25/04	400	13.19	38.61	NaN	0	2322.60	2
2/25/04	500	13.16	38.57	NaN	0	2321.60	2
2/25/04	600	NaN	38.59	2583.70	2	NaN	0
2/25/04	700	13.10	38.58	NaN	0	2324.92	2
2/25/04	800	13.03	38.56	NaN	0	2322.50	2
2/25/04	1000	13.00	38.52	2591.08	2	2324.51	2
2/25/04	1250	12.93	38.49	2575.02	2	2325.52	2
2/25/04	1500	12.88	38.47	2576.87	2	2328.44	2
2/25/04	2000	NaN	38.45	2573.03	2	2322.27	2
3/31/04	5	13.16	38.39	2563.91	2	2304.39	2
3/31/04	10	13.12	38.39	2564.41	2	2306.00	2
3/31/04	20	13.09	38.39	2563.12	2	2303.79	2
3/31/04	30	13.08	38.40	2566.10	2	2301.79	2
3/31/04	40	13.07	38.40	2564.81	2	2299.98	2
3/31/04	50	13.07	38.40	2569.39	2	2302.29	2
3/31/04	70	13.07	38.40	2568.20	2	2307.70	2
3/31/04	90	NaN	NaN	NaN	0	NaN	0
3/31/04	110	13.08	38.40	2566.50	2	2304.59	2
3/31/04	130	13.04	38.40	2569.29	2	2306.10	2
3/31/04	150	12.99	38.41	NaN	0	2299.78	2
3/31/04	200	12.96	38.42	2566.60	2	2307.30	2
3/31/04	300	13.09	38.48	2573.67	2	2316.42	2
3/31/04	400	13.43	38.52	2576.36	2	2320.53	2
3/31/04	500	13.38	38.58	2586.92	2	2329.15	2
3/31/04	600	13.37	38.59	2586.92	2	2328.15	2
3/31/04	700	13.31	38.58	2584.63	2	2324.14	2
3/31/04	800	13.15	38.56	2593.40	2	2333.26	2
3/31/04	1000	13.00	38.49	2587.62	2	2325.34	2
3/31/04	1250	12.91	38.49	2579.39	2	2320.33	2
3/31/04	1500	12.93	38.47	2584.03	2	2321.03	2
3/31/04	2000	12.82	38.45	2580.31	2	2318.78	2
4/26/04	5	13.58	38.30	NaN	0	2258.26	2
4/26/04	10.6	13.57	38.31	NaN	0	2254.68	2
4/26/04	15.4	13.56	38.23	NaN	0	2260.09	2
4/26/04	30.5	13.54	38.27	2557.15	2	2266.32	2
4/26/04	39.6	13.54	38.31	2563.33	2	2277.36	2
4/26/04	50.3	13.54	38.35	2566.78	2	2281.75	2
4/26/04	69.7	13.48	38.39	2569.41	2	2288.69	2
4/26/04	90.4	13.47	38.40	2569.21	2	2295.95	2
4/26/04	110	13.46	38.43	2571.03	2	2307.79	2
4/26/04	129.8	13.45	38.46	2570.22	2	2314.74	2
4/26/04	149.3	NaN	38.56	2578.43	2	2318.83	2
4/26/04	200	NaN	38.49	2574.37	2	2323.52	2
4/26/04	1000	13.00	38.52	2584.61	2	2320.92	2
4/26/04	1250	12.93	38.48	2584.00	2	2323.78	2
4/26/04	1500	12.88	38.46	2578.73	2	2321.63	2
4/26/04	2000	NaN	38.45	2574.58	2	2325.16	2
6/1/04	5	13.49	38.37	2562.22	2	2251.97	2
6/1/04	10	13.50	38.31	2561.82	2	2253.17	2
6/1/04	20	13.48	38.33	2561.12	2	2246.66	2
6/1/04	30	13.49	38.33	2558.44	2	2252.47	2
6/1/04	40	13.50	38.36	2557.74	2	2281.74	2
6/1/04	50	13.51	38.38	2561.62	2	2305.30	2
6/1/04	70	13.50	38.41	2566.01	2	2313.01	2
6/1/04	90	13.49	38.43	2569.69	2	2316.32	2
6/1/04	109	13.47	38.49	2574.27	2	2322.64	2
6/1/04	130	13.46	38.51	2577.06	2	2324.94	2
6/1/04	150	13.43	38.50	2576.07	2	2326.04	2
6/1/04	200	13.39	38.54	2577.66	2	2330.66	2
6/1/04	300	13.33	38.59	2585.03	2	2330.86	2
6/1/04	400	13.28	38.60	2587.62	2	2330.96	2
6/1/04	500	13.23	38.58	2586.72	2	2328.05	2
6/1/04	600	13.18	38.56	2584.23	2	2326.25	2
6/1/04	700	13.13	38.55	2586.03	2	2326.45	2
6/1/04	803	13.08	38.54	2585.03	2	2322.74	2
6/1/04	1000	12.98	38.51	2582.14	2	2321.03	2
6/1/04	1250	12.92	38.48	2575.87	2	2313.52	2
6/1/04	1500	12.88	38.46	2570.49	2	2314.12	2
6/1/04	2000	NaN	38.44	2577.66	2	2314.82	2
6/29/04	5	13.52	38.26	2566.80	2	2248.18	2
6/29/04	10	13.52	38.24	2566.90	2	2249.88	2
6/29/04	30	13.50	38.33	2575.29	2	2283.27	2
6/29/04	40	13.50	38.35	2574.89	2	2304.83	2
6/29/04	50	13.49	38.36	2574.99	2	2313.66	2
6/29/04	70	13.48	38.40	2578.49	2	2323.38	2
6/29/04	90	13.47	38.46	2582.89	2	2328.20	2
6/29/04	110	13.46	38.48	2587.08	2	2329.60	2
6/29/04	130	13.44	38.51	2590.08	2	2333.51	2
6/29/04	150	13.43	38.51	2587.98	2	2331.71	2
6/29/04	200	13.41	38.57	2594.38	2	2337.02	2
6/29/04	300	13.32	38.59	2598.68	2	2338.22	2
6/29/04	400	13.25	38.60	2601.38	2	2338.62	2
6/29/04	500	13.19	38.58	2597.58	2	2333.51	2
6/29/04	600	13.14	38.56	2598.88	2	2332.71	2
6/29/04	700	13.10	38.54	2597.48	2	2330.10	2
6/29/04	800	13.03	38.53	2594.98	2	2330.20	2
6/29/04	1000	12.97	38.51	NaN	0	2326.59	2
6/29/04	1250	12.91	38.48	NaN	0	2327.79	2
6/29/04	1500	12.87	38.46	NaN	0	2327.39	2
6/29/04	2000	NaN	38.45	NaN	0	2327.09	2
7/27/04	4	13.51	38.39	2574.99	2	2247.08	2
7/27/04	10	13.50	38.35	2572.69	2	2251.59	2
7/27/04	19	13.49	38.32	2570.90	2	2262.02	2
7/27/04	30	13.47	38.34	2576.49	2	2272.65	2
7/27/04	40	13.49	38.37	2574.59	2	2295.41	2
7/27/04	70	13.48	38.44	2577.59	2	2323.78	2
7/27/04	50	13.46	38.40	2574.69	2	2317.07	2
7/27/04	88.5	13.43	38.45	2578.69	2	2325.69	2
7/27/04	109	NaN	38.48	NaN	0	NaN	0
7/27/04	130	13.40	38.49	2582.89	2	2330.20	2
7/27/04	150	13.33	38.55	2590.88	2	2337.12	2
7/27/04	200	NaN	38.55	NaN	0	NaN	0
7/27/04	300	13.27	38.58	2594.78	2	2339.43	2
7/27/04	400	NaN	38.60	NaN	0	NaN	0
7/27/04	500	13.20	38.58	2587.78	2	2327.29	2
7/27/04	600	13.15	38.57	2579.59	2	2317.57	2
7/27/04	700	13.11	38.55	2589.38	2	2326.39	2
7/27/04	800	13.06	38.54	2593.48	2	2326.79	2
7/27/04	1000	12.97	38.52	2591.38	2	2326.99	2
7/27/04	1250	12.92	38.49	2585.89	2	2325.49	2
7/27/04	1500	12.87	38.47	2585.59	2	2324.79	2
7/27/04	2000	NaN	38.45	2586.68	2	2324.99	2
8/30/04	5	13.51	38.36	2572.19	2	2244.07	2
8/30/04	10	13.51	38.34	2570.40	2	2240.76	2
8/30/04	20	13.50	38.34	2570.90	2	2271.54	2
8/30/04	30	13.49	38.36	2575.89	2	2298.42	2
8/30/04	40	13.47	38.40	2577.79	2	2320.98	2
8/30/04	50	13.47	38.42	2577.79	2	2323.98	2
8/30/04	69	13.46	38.45	2581.19	2	2327.89	2
8/30/04	89	13.45	38.47	2583.39	2	2328.00	2
8/30/04	108	13.44	38.49	2583.89	2	2329.60	2
8/30/04	130	13.43	38.51	2586.09	2	2331.40	2
8/30/04	150	13.41	38.52	2588.68	2	2330.50	2
8/30/04	200	13.37	38.55	2591.38	2	2335.21	2
8/30/04	300	13.31	38.59	2595.48	2	2335.32	2
8/30/04	400	13.27	38.60	2597.28	2	2335.32	2
8/30/04	500	13.21	38.60	2595.58	2	2333.31	2
8/30/04	600	13.15	38.57	2595.38	2	2327.89	2
8/30/04	700	13.11	38.55	2592.88	2	2328.20	2
8/30/04	800	13.06	38.54	2593.38	2	2327.39	2
8/30/04	1000	12.98	38.51	2591.48	2	2324.69	2
8/30/04	1250	12.93	38.49	2589.38	2	2327.49	2
8/30/04	1500	12.88	38.47	2585.79	2	2320.07	2
8/30/04	2000	NaN	38.45	2585.19	2	2324.89	2
10/27/04	5	13.49	38.36	2563.40	2	2235.75	2
10/27/04	10	13.49	38.34	2562.90	2	2233.34	2
10/27/04	20	13.50	38.34	2562.60	2	2237.85	2
10/27/04	30	13.51	38.36	2564.50	2	2246.27	2
10/27/04	40	NaN	38.40	2565.40	2	2281.87	2
10/27/04	50	13.51	38.42	2567.10	2	2300.82	2
10/27/04	70	13.51	38.45	2575.19	2	2320.88	2
10/27/04	90	13.49	38.47	2574.69	2	2326.39	2
10/27/04	110	13.48	38.49	2576.99	2	2329.40	2
10/27/04	130	13.45	38.51	2580.59	2	2331.10	2
10/27/04	150	NaN	38.52	2582.79	2	2331.30	2
10/27/04	200	13.41	38.55	2587.38	2	2331.40	2
10/27/04	300	13.37	38.59	2592.08	2	2337.62	2
10/27/04	400	13.30	38.60	2598.48	2	2338.42	2
10/27/04	500	13.25	38.58	2595.38	2	2336.62	2
10/27/04	600	13.16	38.57	2597.38	2	2333.41	2
10/27/04	700	NaN	38.55	2598.68	2	2332.01	2
10/27/04	800	NaN	38.54	2594.88	2	2330.30	2
10/27/04	1000	NaN	38.51	2591.08	2	2327.69	2
10/27/04	1250	NaN	38.49	2589.28	2	2328.00	2
10/27/04	1500	NaN	38.47	2589.18	2	2324.89	2
10/27/04	2000	NaN	38.45	2586.78	2	2325.29	2
12/14/04	10	13.39	38.02	NaN	0	2261.63	2
12/14/04	20	13.39	37.99	NaN	0	2256.38	2
12/14/04	30	13.39	38.00	NaN	0	2259.41	2
12/14/04	40	13.39	38.01	NaN	0	2272.01	2
12/14/04	50	13.41	38.07	NaN	0	2264.55	2
12/14/04	70	13.46	38.21	2560.68	2	2265.36	2
12/14/04	90	13.47	38.22	2555.96	2	2300.75	2
12/14/04	110	13.47	38.37	NaN	0	2300.55	2
12/14/04	130	NaN	38.38	NaN	0	NaN	0
12/14/04	150	13.48	38.42	2569.00	2	2318.50	2
12/14/04	200	13.46	38.44	2576.12	2	2323.95	2
12/14/04	300	13.42	38.55	2587.66	2	2332.62	2
12/14/04	400	13.37	38.59	2586.75	2	2332.62	2
12/14/04	500	13.31	38.60	2595.58	2	2337.26	2
12/14/04	600	13.27	38.60	2592.37	2	2334.63	2
12/14/04	700	13.22	38.59	2589.56	2	2330.20	2
12/14/04	800	13.16	38.57	NaN	0	2315.88	2
12/14/04	1000	13.06	38.55	2593.07	2	2330.00	2
12/14/04	1250	12.98	38.51	2587.36	2	2320.92	2
12/14/04	1500	12.91	38.48	2587.76	2	2323.14	2
12/14/04	2000	NaN	38.45	2584.35	2	2319.21	2
3/29/05	5	NaN	38.77	2565.1	2	2255.9	2
3/29/05	10	NaN	38.82	2566.9	2	2268	2
3/29/05	20	NaN	38.85	2564.1	2	2277.2	2
3/29/05	30	NaN	38.83	2567.3	2	2281.5	2
3/29/05	40	NaN	38.83	2566.6	2	2280.6	2
3/29/05	50	NaN	38.84	2568.5	2	2281.5	2
3/29/05	70	NaN	38.84	2568.5	2	2279.6	2
3/29/05	90	NaN	38.85	2570.4	2	2287.2	2
3/29/05	110	NaN	38.88	2571.1	2	2290.7	2
3/29/05	130	NaN	38.93	2575.5	2	2289.7	2
3/29/05	150	NaN	38.96	2581.1	2	2298.4	2
3/29/05	200	NaN	39.01	2581	2	2309	2
3/29/05	300	NaN	39.86	2591.1	2	2317.6	2
3/29/05	400	NaN	39.84	2588.4	2	2316.5	2
3/29/05	500	NaN	39.88	2591.7	2	2323.1	2
3/29/05	600	NaN	39.90	2595.2	2	2324.9	2
3/29/05	700	NaN	39.89	2589.5	2	2319	2
3/29/05	800	NaN	39.91	2593.2	2	2323.4	2
3/29/05	1000	NaN	39.92	2595.6	2	2323.2	2
3/29/05	1250	NaN	39.91	2593.5	2	2323.4	2
3/29/05	1500	NaN	39.92	2592	2	2322.4	2
3/29/05	2000	NaN	39.88	2589.8	2	2322.1	2
4/26/05	5	13.74	38.40	2575.6	2	2281.6	2
4/26/05	10	13.74	38.41	2579.1	2	2277.9	2
4/26/05	20	13.73	38.38	2578.1	2	2284.9	2
4/26/05	30	13.72	38.37	2580	2	2283.2	2
4/26/05	40	13.58	38.39	2581.6	2	2285.3	2
4/26/05	50	13.50	38.40	2585.5	2	2295.2	2
4/26/05	70	13.40	38.42	2583.7	2	2303.7	2
4/26/05	90	13.28	38.45	2588	2	2311.5	2
4/26/05	110	13.24	38.48	2586.5	2	2307.7	2
4/26/05	130	13.28	38.49	2588.3	2	2320	2
4/26/05	150	13.74	38.52	2591.7	2	2325.2	2
4/26/05	200	13.31	38.53	2594.9	2	2329.5	2
4/26/05	300	13.25	38.54	2596.9	2	2330.7	2
4/26/05	400	13.24	38.54	2595.3	2	2328.9	2
4/26/05	500	13.23	38.54	2594.2	2	2327.1	2
4/26/05	600	13.18	38.53	2594.5	2	2327.9	2
4/26/05	700	13.16	38.53	2596	2	2329.7	2
4/26/05	800	13.13	38.53	2597.7	2	2329.1	2
4/26/05	1000	13.09	38.52	2593	2	2326.8	2
4/26/05	1250	13.02	38.50	2591.6	2	2326.6	2
4/26/05	1500	12.93	38.48	2588.4	2	2329.6	2
4/26/05	2000	12.84	38.45	2588.6	2	2325.6	2
6/9/05	5	13.74	38.43	2583.7	2	2248	2
6/9/05	10	13.73	38.43	2584.2	2	2247.9	2
6/9/05	20	13.72	38.40	2583.7	2	2255.8	2
6/9/05	30	13.58	38.38	2583.9	2	2265.2	2
6/9/05	40	13.50	38.38	2582.6	2	2280.2	2
6/9/05	50	13.40	38.39	2583	2	2288.3	2
6/9/05	70	NaN	38.42	NaN	0	NaN	0
6/9/05	90	13.28	38.43	2581.4	2	2314.3	2
6/9/05	110	13.24	38.47	2583.3	2	2317.2	2
6/9/05	130	13.28	38.47	2585.7	2	2320.9	2
6/9/05	150	13.34	38.48	2585.6	2	2320.7	2
6/9/05	200	13.31	38.51	2588.3	2	2328.2	2
6/9/05	300	13.25	38.53	2592.3	2	2327.4	2
6/9/05	400	13.24	38.53	2594.4	2	2328.8	2
6/9/05	500	13.23	38.54	2593.5	2	2326.9	2
6/9/05	600	13.18	38.54	2594.5	2	2326.1	2
6/9/05	700	13.16	38.53	2596.3	2	2327.5	2
6/9/05	800	13.13	38.52	2596.1	2	2327.6	2
6/9/05	1000	13.09	38.51	2593.7	2	2325.1	2
6/9/05	1250	13.02	38.49	2591.4	2	2322.9	2
6/9/05	1500	12.93	38.47	2589.1	2	2320.4	2
6/9/05	2000	12.84	38.44	2587.3	2	2317.3	2
7/2/05	5	21.07	38.39	2615.3	2	2236	2
7/2/05	10	19.22	38.36	2595.4	2	2235.5	2
7/2/05	20	14.10	38.35	2603.4	2	2257	2
7/2/05	30	13.41	38.34	2631	2	2283.4	2
7/2/05	40	13.37	38.39	2647.8	2	2294.5	2
7/2/05	50	13.36	38.44	2616.8	2	2304.8	2
7/2/05	70	13.29	38.45	2627.1	2	2306.7	2
7/2/05	90	13.24	38.45	2631.5	2	2308.6	2
7/2/05	110	13.19	38.45	2610.2	2	2309	2
7/2/05	130	13.16	38.46	2626.4	2	2309.6	2
7/2/05	150	13.19	38.47	2632.2	2	2308.7	2
7/2/05	200	13.26	38.52	2640.9	2	2317.6	2
7/2/05	300	13.24	38.53	2640.6	3	2313.6	3
7/2/05	400	13.20	38.53	2666.7	2	2318.8	2
7/2/05	500	13.17	38.53	2645.9	2	2318.5	2
7/2/05	600	13.19	38.54	2642.6	2	2314.5	2
7/2/05	700	13.19	38.53	2635.3	2	2321.5	2
7/2/05	800	13.15	38.53	2644.5	2	2317.6	2
7/2/05	1000	13.09	38.52	2646.3	2	2316.9	2
7/2/05	1250	13.02	38.49	2643.2	2	2316.8	2
7/2/05	1500	12.92	38.47	2631.8	2	2314.9	2
7/2/05	2000	NaN	38.45	2636.3	2	2313	2
8/2/05	5	20.74	38.44	2581.1	2	2242.4	2
8/2/05	10	16.85	38.37	2577.7	2	2242.5	2
8/2/05	20	14.34	38.37	2579.9	2	2258.6	2
8/2/05	30	13.71	38.38	2578.6	2	2276.5	2
8/2/05	40	13.33	38.38	2576.3	2	2298.4	2
8/2/05	50	13.30	38.40	2577.9	2	2315.5	2
8/2/05	70	13.23	38.43	2577.8	2	2315.8	2
8/2/05	90	NaN	38.45	2322.3	2	2367.5	2
8/2/05	110	NaN	NaN	NaN	0	NaN	0
8/2/05	130	13.17	38.47	2580.5	2	2322.3	2
8/2/05	150	13.18	38.49	2585.9	2	2327	2
8/2/05	200	13.20	38.52	2585.5	2	2332.1	2
8/2/05	300	13.27	38.54	2587.6	2	2329.5	2
8/2/05	400	13.22	38.53	NaN	0	NaN	0
8/2/05	500	NaN	38.54	2591.5	2	2327.8	2
8/2/05	600	NaN	38.53	NaN	0	NaN	0
8/2/05	700	NaN	38.52	NaN	0	NaN	0
8/2/05	800	NaN	38.51	NaN	0	NaN	0
8/2/05	1000	13.04	38.50	2591.3	2	2355.9	2
8/2/05	1250	NaN	38.48	NaN	0	NaN	0
8/2/05	1500	NaN	38.46	NaN	0	NaN	0
8/2/05	2000	12.83	38.45	2583.8	2	2323.5	2
8/30/05	5	NaN	NaN	2578.3	2	2225.7	2
8/30/05	10	NaN	NaN	2575.4	2	2228.2	2
8/30/05	20	NaN	NaN	2575.1	2	2249.5	2
8/30/05	30	NaN	NaN	2576.4	2	2273.8	2
8/30/05	40	NaN	NaN	2572.5	2	2294.2	2
8/30/05	50	NaN	NaN	2573.8	2	2309.1	2
8/30/05	70	NaN	NaN	2576	2	2313.3	2
8/30/05	110	NaN	NaN	2580.5	2	2316.1	2
8/30/05	190	NaN	NaN	2583.8	2	2316.2	2
8/30/05	500	NaN	NaN	2591	2	2322.7	2
8/30/05	1500	NaN	NaN	2587.9	2	2317.1	2
8/30/05	2000	NaN	NaN	2584.7	2	2316.6	2
9/27/05	5	20.55	37.82	2573.1	2	2223.6	2
9/27/05	10	20.11	38.07	2575.4	2	2227.4	2
9/27/05	20	18.35	36.89	2574.9	2	2242.8	2
9/27/05	30	18.99	38.24	2576.8	2	2264.7	2
9/27/05	40	18.21	38.32	2579	2	2283.2	2
9/27/05	50	16.65	38.37	2579.6	2	2306.8	2
9/27/05	70	14.57	38.41	2578.2	2	2318.6	2
9/27/05	90	13.87	38.44	2578.8	2	2315.8	2
9/27/05	110	NaN	38.46	2582.3	2	2318.5	2
9/27/05	130	13.43	38.47	2582.1	2	2319	2
9/27/05	150	13.37	38.49	2585.2	2	2320.2	2
9/27/05	200	13.27	38.53	2590.2	2	2324.9	2
9/27/05	300	13.28	38.55	2591.8	2	2325	2
9/27/05	400	13.29	38.54	2593.3	2	2325.8	2
9/27/05	500	13.23	38.54	2593.1	2	2323.1	2
9/27/05	600	NaN	38.53	NaN	0	NaN	0
9/27/05	700	NaN	38.53	NaN	0	NaN	0
9/27/05	800	NaN	38.52	NaN	0	NaN	0
9/27/05	1000	13.05	38.50	2590.7	2	2320.1	2
9/27/05	1250	NaN	38.48	NaN	0	NaN	0
9/27/05	1500	12.88	38.46	2589.1	2	2318.1	2
9/27/05	2000	12.84	38.45	2586.7	2	2316.7	2
10/25/05	5	18.99	38.34	2570.5	2	2221.5	2
10/25/05	10	18.76	38.34	2566.6	2	2222.6	2
10/25/05	20	18.55	38.30	2562.8	2	2229.7	2
10/25/05	30	17.80	38.28	2559.8	2	2238	2
10/25/05	40	14.35	38.10	2548.2	2	2258.7	2
10/25/05	50	13.93	38.16	2557.2	2	2284.9	2
10/25/05	70	13.39	38.36	2570	2	2301.9	2
10/25/05	90	13.28	38.36	2570.6	2	2305.9	2
10/25/05	110	13.26	38.42	2574.8	2	2313.1	2
10/25/05	130	13.25	38.44	2577.9	2	2315.8	2
10/25/05	150	13.27	38.47	2579.8	2	2314.9	2
10/25/05	200	13.30	38.51	2585.4	2	2320.1	2
10/25/05	300	13.37	38.56	2591.7	2	2324.7	2
10/25/05	400	13.34	38.56	2591.5	2	2321.6	2
10/25/05	500	13.27	38.55	2589.3	2	2320.8	2
10/25/05	600	NaN	38.54	NaN	0	NaN	0
10/25/05	700	NaN	38.54	NaN	0	NaN	0
10/25/05	800	NaN	38.53	NaN	0	NaN	0
10/25/05	1000	13.09	38.51	2586.6	2	2316	2
10/25/05	1250	NaN	38.49	NaN	0	NaN	0
10/25/05	1500	12.91	38.47	2584.3	2	2315.8	2
10/25/05	2000	12.84	38.45	2583.6	2	2314.2	2
11/24/05	5	14.58	38.34	2566.6	2	2258.9	2
11/24/05	10	14.58	38.33	2566.5	2	2260.4	2
11/24/05	20	14.57	38.33	2566.5	2	2261.9	2
11/24/05	30	14.50	38.34	2567.8	2	2264.8	2
11/24/05	40	14.17	38.33	2567.5	2	2270.9	2
11/24/05	50	13.26	38.31	2564.6	2	2278.9	2
11/24/05	70	13.25	38.37	2568.7	2	2304.9	2
11/24/05	90	13.28	38.41	2571	2	2306.9	2
11/24/05	110	13.26	38.43	2574.2	2	2312.6	2
11/24/05	130	13.28	38.46	2577.1	2	2313.7	2
11/24/05	150	13.29	38.48	2579.1	2	2316.6	2
11/24/05	200	NaN	38.54	NaN	0	NaN	0
12/19/05	5	13.09	38.33	2560.70	2	2294.30	2
12/19/05	10	13.10	38.33	2560.9	2	2292.9	2
12/19/05	20	13.09	38.34	2563.3	2	2295.2	2
12/19/05	30	NaN	38.35	NaN	0	NaN	0
12/19/05	40	13.09	38.37	2568.4	2	2297.6	2
12/19/05	50	13.06	38.37	2569.8	2	2299.9	2
12/19/05	70	13.20	38.41	2572.7	2	2307.4	2
12/19/05	90	13.06	38.43	2575.7	2	2309.6	2
12/19/05	110	13.02	38.41	2573.6	2	2304.9	2
12/19/05	130	13.02	38.41	2572.8	2	2305.3	2
12/19/05	150	13.04	38.42	2574.5	2	2307.8	2
12/19/05	200	13.20	38.48	2579.4	2	2316.3	2
12/19/05	300	13.19	38.48	2580.3	2	2317.9	2
12/19/05	400	13.42	38.56	2588.0	2	2327.2	2
12/19/05	500	13.28	38.55	2588.2	2	2326.0	2
12/19/05	600	13.24	38.54	2587.5	2	2324.2	2
12/19/05	700	13.19	38.54	2587.9	2	2322.1	2
12/19/05	800	13.17	38.53	2587.2	2	2322.9	2
12/19/05	1000	NaN	38.51	NaN	0	NaN	0
12/19/05	1250	12.98	38.48	2583.3	2	2320.1	2
12/19/05	1500	12.90	38.46	2581.6	2	2317.3	2
12/19/05	2000	12.84	38.45	2579.9	2	2314.7	2
2/7/06	5	13.12	38.52	2586.3	2	2320.6	2
2/7/06	10	13.11	38.52	2584.9	2	2319.8	2
2/7/06	20	13.09	38.51	2584.8	2	2315.8	2
2/7/06	30	13.08	38.51	2585.0	2	2318.4	2
2/7/06	40	13.07	38.51	2584.4	2	2318.1	2
2/7/06	50	13.07	38.51	2584.6	2	2319.4	2
2/7/06	70	13.06	38.51	2584.8	2	2319.2	2
2/7/06	90	13.06	38.51	2583.5	2	2318.2	2
2/7/06	110	13.06	38.51	2585.0	2	2317.6	2
2/7/06	130	NaN	38.51	NaN	0	NaN	0
2/7/06	150	13.07	38.51	2585.3	2	2318.6	2
2/7/06	200	13.05	38.50	2584.1	2	2319.1	2
2/7/06	300	13.02	38.50	2584.0	2	2317.8	2
2/7/06	400	NaN	38.50	NaN	0	NaN	0
2/7/06	500	13.01	38.50	2583.6	2	2319.1	2
2/7/06	600	13.00	38.49	2583.6	2	2318.2	2
2/7/06	700	NaN	38.49	NaN	0	NaN	0
2/7/06	800	13.00	38.49	2584.7	2	2318.6	2
2/7/06	1000	13.00	38.49	2583.3	2	2318.8	2
2/7/06	1250	12.96	38.49	NaN	0	NaN	0
2/7/06	1500	NaN	38.48	2583.1	2	2317.0	2
2/7/06	2000	12.93	38.47	2585.6	2	2318.7	2
3/7/06	5	12.90	38.44	2574.3	2	2301.0	2
3/7/06	10	12.90	38.44	2576.6	2	2307.3	2
3/7/06	20	13.05	38.50	2577.9	2	2312.5	2
3/7/06	30	13.06	38.51	2578.7	2	2311.8	2
3/7/06	40	13.07	38.51	2580.4	2	2314.4	2
3/7/06	50	13.06	38.51	2578.9	2	2314.7	2
3/7/06	70	13.06	38.51	2576.6	2	2314.5	2
3/7/06	90	13.04	38.51	2578.7	2	2314.4	2
3/7/06	110	13.04	38.51	2578.5	2	2310.3	2
3/7/06	130	13.04	38.51	2575.0	2	2309.7	2
3/7/06	150	NaN	38.51	2584.1	2	2317.5	2
3/7/06	200	NaN	38.50	NaN	0	NaN	0
3/7/06	300	NaN	NaN	NaN	0	NaN	0
3/7/06	400	NaN	NaN	NaN	0	NaN	0
3/7/06	500	NaN	NaN	NaN	0	NaN	0
3/7/06	600	NaN	38.48	2579.5	2	2315.6	2
3/7/06	700	NaN	NaN	NaN	0	NaN	0
3/7/06	800	NaN	NaN	NaN	0	NaN	0
3/7/06	1000	NaN	38.48	2575.0	2	2310.2	2
3/7/06	1250	NaN	NaN	NaN	0	NaN	0
3/7/06	1500	NaN	NaN	NaN	0	NaN	0
3/7/06	2000	NaN	38.47	2574.8	2	2311.5	2
4/2/06	5	13.48	38.45	2595.00	2	2281.30	2
4/2/06	10	13.36	38.45	2590.30	2	2275.20	2
4/2/06	20	13.33	38.46	2591.00	2	2283.90	2
4/2/06	30	13.24	38.47	2589.20	2	2290.00	2
4/2/06	40	13.21	38.48	2592.30	2	2308.30	2
4/2/06	50	13.21	38.48	2591.00	2	2309.40	2
4/2/06	70	13.20	38.49	2593.10	2	2293.00	2
4/2/06	90	13.19	38.51	2590.40	2	2318.30	2
4/2/06	110	13.19	38.53	2593.80	2	2315.70	2
4/2/06	130	13.18	38.53	2594.00	2	2324.60	2
4/2/06	150	NaN	38.52	NaN	0	NaN	0
4/2/06	200	13.05	38.51	2592.30	2	2315.00	2
4/2/06	300	NaN	38.49	NaN	0	NaN	0
4/2/06	400	NaN	38.49	NaN	0	NaN	0
4/2/06	500	12.96	38.49	2591.60	2	2326.10	2
4/2/06	600	NaN	38.49	NaN	0	NaN	0
4/2/06	700	NaN	38.49	NaN	0	NaN	0
4/2/06	800	NaN	38.49	NaN	0	NaN	0
4/2/06	1000	12.94	38.49	2589.70	2	2313.30	2
4/2/06	1250	NaN	38.49	NaN	0	NaN	0
4/2/06	1500	12.94	38.49	2592.10	2	2305.50	2
4/2/06	2000	12.93	38.49	2591.60	2	2319.10	2
5/6/06	5	16.81	38.51	2588.00	2	2223.20	2
5/6/06	10	16.81	38.51	2595.50	2	2214.70	2
5/6/06	20	16.80	38.50	2582.70	2	2226.90	2
5/6/06	30	14.00	38.39	2593.90	2	2239.80	2
5/6/06	40	13.53	38.49	2588.90	2	2300.20	2
5/6/06	50	13.38	38.49	2588.70	2	2307.00	2
5/6/06	70	13.29	38.50	2580.90	2	2304.90	2
5/6/06	90	13.25	38.52	2582.30	2	2311.90	2
5/6/06	110	13.21	38.52	2590.80	2	2324.10	2
5/6/06	130	13.20	38.53	2590.60	2	2315.50	2
5/6/06	150	13.17	38.53	2613.60	2	2345.50	2
5/6/06	200	13.10	38.52	2591.90	2	2317.10	2
5/6/06	300	12.99	38.49	2591.80	2	2313.70	2
5/6/06	400	12.93	38.48	2589.50	2	2325.40	2
5/6/06	500	12.94	38.48	2591.40	2	2315.50	2
5/6/06	600	NaN	38.49	NaN	0	NaN	0
5/6/06	700	NaN	38.49	NaN	0	NaN	0
5/6/06	800	NaN	38.49	NaN	0	NaN	0
5/6/06	1000	12.95	38.49	2591.40	2	2318.40	2
5/6/06	1250	NaN	38.49	NaN	0	NaN	0
5/6/06	1500	12.94	38.49	2589.40	2	2319.10	2
5/6/06	2000	12.92	38.48	2584.60	2	2312.50	2
6/10/06	5	18.23	38.42	2583.70	2	2243.80	2
6/10/06	10	17.70	38.42	2585.60	2	2244.30	2
6/10/06	20	16.74	38.39	2581.50	2	2259.40	2
6/10/06	30	13.76	38.41	2583.70	2	2280.90	2
6/10/06	40	13.40	38.47	2587.60	2	2315.40	2
6/10/06	50	13.39	38.49	2592.70	2	2309.40	2
6/10/06	70	13.56	38.59	2599.90	2	2327.10	2
6/10/06	90	13.62	38.62	2601.10	2	2324.80	2
6/10/06	110	13.61	38.62	2601.20	2	2320.50	2
6/10/06	130	13.58	38.62	2602.30	2	2328.30	2
6/10/06	150	13.57	38.62	2601.80	2	2322.40	2
6/10/06	200	13.49	38.60	2600.30	2	2330.80	2
6/10/06	300	13.38	38.58	2596.70	2	2318.20	2
6/10/06	400	13.28	38.56	2596.50	2	2318.80	2
6/10/06	500	13.12	38.52	2591.80	2	2313.60	2
6/10/06	600	NaN	38.49	NaN	0	NaN	0
6/10/06	700	NaN	38.48	NaN	0	NaN	0
6/10/06	800	NaN	38.48	NaN	0	NaN	0
6/10/06	1000	12.95	38.49	2592.10	2	2320.50	2
6/10/06	1250	NaN	38.49	NaN	0	NaN	0
6/10/06	1500	12.94	38.49	2588.80	2	2314.50	2
6/10/06	2000	12.94	38.48	2589.90	2	2306.80	2
6/30/06	5	22.75	38.53	2583.2	2	2239.5	2
6/30/06	10	19.40	38.52	2579.7	2	2240.5	2
6/30/06	20	16.67	38.51	2580.2	2	2254.6	2
6/30/06	30	14.49	38.51	2583.9	2	2268.4	2
6/30/06	40	13.68	38.49	2583.9	2	2293.5	2
6/30/06	50	13.38	38.46	2583.8	2	2316.6	2
6/30/06	70	13.20	38.44	2582.7	2	2320.1	2
6/30/06	90	13.23	38.43	2588.1	2	2324.8	2
6/30/06	110	13.25	38.41	2589.7	2	2319.5	2
6/30/06	130	13.20	38.40	2590.8	2	2326.5	2
6/30/06	150	13.22	38.43	2590.0	2	2320.5	2
6/30/06	200	13.21	38.44	2591.3	2	2325.7	2
6/30/06	300	13.11	38.48	2591.8	2	2325.2	2
6/30/06	400	13.02	38.49	2594.0	2	2326.3	2
6/30/06	500	12.97	38.49	2591.3	2	2318.8	2
6/30/06	600	NaN	38.49	NaN	0	NaN	0
6/30/06	700	NaN	38.48	NaN	0	NaN	0
6/30/06	800	NaN	38.47	NaN	0	NaN	0
6/30/06	1000	12.95	38.48	2590.5	2	2321.9	2
6/30/06	1250	NaN	38.49	NaN	0	NaN	0
6/30/06	1500	12.94	38.50	2589.4	2	2322.0	2
6/30/06	2000	12.93	38.52	2591.6	2	2320.0	2
9/11/06	5	NaN	38.52	2583.0	2	2225.8	2
9/11/06	10	NaN	38.51	2582.8	2	2233.9	2
9/11/06	20	NaN	38.38	2581.4	2	2265.9	2
9/11/06	30	NaN	38.42	NaN	0	NaN	0
9/11/06	40	NaN	38.43	NaN	0	NaN	0
9/11/06	50	NaN	38.46	2583.7	2	2325.5	2
9/11/06	70	NaN	38.47	2577.9	2	2318.8	2
9/11/06	90	NaN	38.51	2586.2	2	2326.2	2
9/11/06	110	NaN	38.53	2589.4	2	2325.9	2
9/11/06	130	NaN	38.54	NaN	0	NaN	0
9/11/06	150	NaN	38.57	NaN	0	NaN	0
9/11/06	200	NaN	38.58	2589.2	2	2320.8	2
9/11/06	300	NaN	38.56	2594.7	2	2324.6	2
9/11/06	400	NaN	38.54	NaN	0	NaN	0
9/11/06	500	NaN	38.52	NaN	0	NaN	0
9/11/06	600	NaN	38.50	2590.2	2	2315.4	2
9/11/06	700	NaN	38.48	NaN	0	NaN	0
9/11/06	800	NaN	38.48	NaN	0	NaN	0
9/11/06	1000	NaN	38.48	NaN	0	NaN	0
9/11/06	1250	NaN	38.48	2586.9	2	2319.2	2
9/11/06	1500	NaN	38.48	2577.1	2	2309.6	2
9/11/06	2000	NaN	38.48	2586.3	2	2319.6	2
10/17/06	5	18.74	38.42	2580.2	2	2237.5	2
10/17/06	10	NaN	38.42	NaN	0	NaN	0
10/17/06	20	18.67	38.42	2579.1	2	2238.3	2
10/17/06	30	18.59	38.40	2580.2	2	2246.2	2
10/17/06	40	14.23	38.38	2579.6	2	2291.0	2
10/17/06	50	13.44	38.44	2582.5	2	2318.3	2
10/17/06	70	13.26	38.46	2582.8	2	2324.4	2
10/17/06	90	13.24	38.49	2585.4	2	2322.5	2
10/17/06	110	13.29	38.51	2588.5	2	2326.4	2
10/17/06	130	13.27	38.52	2589.7	2	2325.5	2
10/17/06	150	13.29	38.54	2590.8	2	2327.4	2
10/17/06	200	13.27	38.54	2591.4	2	2324.7	2
10/17/06	300	13.21	38.54	2591.1	2	2325.9	2
10/17/06	400	NaN	38.53	NaN	0	NaN	0
10/17/06	500	NaN	38.50	NaN	0	NaN	0
10/17/06	600	12.99	38.49	2589.5	2	2314.9	2
10/17/06	700	12.96	38.48	2589.3	2	2320.8	2
10/17/06	800	12.93	38.48	2587.1	2	2318.4	2
10/17/06	1000	12.94	38.48	2588.8	2	2321.0	2
10/17/06	1250	NaN	38.48	NaN	0	NaN	0
10/17/06	1500	NaN	38.48	NaN	0	NaN	0
10/17/06	2000	NaN	38.48	2587.7	2	2318.7	2
11/5/06	5	NaN	NaN	NaN	0	NaN	0
11/5/06	10	NaN	NaN	NaN	0	NaN	0
11/5/06	20	NaN	NaN	NaN	0	NaN	0
11/5/06	30	NaN	NaN	NaN	0	NaN	0
11/5/06	40	NaN	NaN	NaN	0	NaN	0
11/5/06	50	13.33	38.40	2576.5	2	2303.8	2
11/5/06	70	NaN	NaN	NaN	0	NaN	0
11/5/06	90	NaN	NaN	NaN	0	NaN	0
11/5/06	110	13.29	38.50	2586.0	2	2323.4	2
11/5/06	130	NaN	NaN	NaN	0	NaN	0
11/5/06	150	NaN	NaN	NaN	0	NaN	0
11/5/06	200	13.27	38.54	2584.9	2	2322.8	2
11/5/06	300	13.31	38.56	2604.9	2	2338.0	2
11/5/06	400	NaN	NaN	NaN	0	NaN	0
11/5/06	500	13.09	38.51	2589.8	2	2319.1	2
11/5/06	600	NaN	NaN	NaN	0	NaN	0
11/5/06	700	12.96	38.48	2587.9	2	2318.9	2
11/5/06	800	12.93	38.47	2587.0	2	2316.0	2
11/5/06	1000	12.92	38.47	2587.3	2	2316.5	2
11/5/06	1250	12.94	38.48	2587.3	2	2316.6	2
11/5/06	1500	NaN	38.48	2587.1	2	2315.7	2
11/5/06	2000	NaN	38.48	2587.3	2	2317.4	2
12/12/06	5	14.72	38.34	2568.1	2	2269.4	2
12/12/06	10	14.66	38.35	2570.5	2	2273.0	2
12/12/06	20	14.50	38.37	2570.9	2	2283.0	2
12/12/06	30	13.56	38.46	2567.0	2	2308.6	2
12/12/06	40	13.28	38.49	2576.2	2	2323.6	2
12/12/06	50	13.26	38.50	2562.9	3	2300.9	3
12/12/06	70	13.26	38.51	2561.5	3	2298.2	3
12/12/06	90	13.28	38.53	2595.4	2	2339.4	2
12/12/06	110	13.29	38.54	2592.2	2	2333.8	2
12/12/06	130	13.31	38.55	2594.5	2	2336.5	2
12/12/06	150	13.28	38.55	2597.9	2	2338.9	2
12/12/06	200	13.31	38.57	2600.7	2	2336.1	2
12/12/06	300	13.24	38.56	2599.2	2	2335.2	2
12/12/06	400	13.16	38.54	2599.9	2	2337.5	2
12/12/06	500	13.06	38.52	2594.7	2	2333.4	2
12/12/06	600	NaN	38.50	NaN	0	NaN	0
12/12/06	700	NaN	38.49	NaN	0	NaN	0
12/12/06	800	NaN	38.49	NaN	0	NaN	0
12/12/06	1000	12.94	38.49	2591.0	2	2329.0	2
12/12/06	1250	NaN	38.49	NaN	0	NaN	0
12/12/06	1500	12.93	38.49	2593.5	2	2329.4	2
12/12/06	2000	12.91	38.49	2591.8	2	2328.1	2
1/22/07	5	NaN	38.17	2555.3	2	2260.2	2
1/22/07	10	14.031	38.17	2554.0	2	2259.6	2
1/22/07	20	13.963	38.18	2557.7	2	2265.2	2
1/22/07	30	13.852	38.28	2568.5	2	2292.0	2
1/22/07	40	13.407	38.43	2582.0	2	2324.4	2
1/22/07	50	13.369	38.46	2582.3	2	2326.9	2
1/22/07	70	13.317	38.51	2586.0	2	2329.4	2
1/22/07	90	13.291	38.52	2589.4	2	2332.2	2
1/22/07	110	13.259	38.50	2586.5	2	2330.9	2
1/22/07	130	13.255	38.51	2588.4	2	2332.1	2
1/22/07	150	13.257	38.53	2589.3	2	2332.4	2
1/22/07	200	13.263	38.55	2594.4	2	2328.0	2
1/22/07	300	13.264	38.56	2597.2	2	2331.7	2
1/22/07	400	13.245	38.55	2594.9	2	2328	2
1/22/07	500	13.187	38.54	2593.9	2	2328.7	2
1/22/07	1000	12.962	38.48	2589.7	2	2326.5	2
1/22/07	1500	12.932	38.48	2586.7	2	2321.9	2
1/22/07	2000	12.911	38.48	2586.5	2	2320.7	2
5/31/07	5	NaN	37.89	2534.30	2	2220.20	2
5/31/07	10	17.889	37.89	2549.40	2	2238.80	2
5/31/07	20	13.969	38.38	2579.90	2	2302.40	2
5/31/07	30	13.297	38.42	2585.20	2	2326.60	2
5/31/07	40	13.304	38.45	2583.80	2	2322.20	2
5/31/07	50	13.285	38.46	2587.90	2	2320.00	2
5/31/07	70	13.178	38.46	2581.50	2	2315.80	2
5/31/07	90	13.171	38.45	2588.10	2	2321.00	2
5/31/07	110	13.263	38.50	2591.60	2	2320.50	2
5/31/07	130	13.270	38.51	2593.10	2	2328.10	2
5/31/07	150	13.218	38.50	2589.40	2	2326.30	2
5/31/07	200	13.464	38.59	2600.60	2	2334.50	2
5/31/07	300	NaN	38.58	2599.20	2	2333.20	2
5/31/07	400	NaN	38.55	2604.80	2	2340.30	2
5/31/07	500	NaN	38.53	2608.70	2	2345.60	2
5/31/07	1000	NaN	38.48	2590.80	2	2321.00	2
5/31/07	1500	NaN	38.48	2602.80	2	2339.50	2
5/31/07	2000	NaN	38.48	2592.80	2	2330.00	2
6/25/07	5	20.183	38.29	2567.60	2	2227.80	2
6/25/07	10	20.119	38.29	2565.90	2	2235.80	2
6/25/07	20	15.729	38.34	2575.90	2	2279.90	2
6/25/07	30	14.052	38.37	2574.00	2	2291.90	2
6/25/07	40	13.272	38.38	2578.50	2	2311.50	2
6/25/07	50	13.214	38.38	2578.50	2	2315.60	2
6/25/07	70	13.240	38.43	2594.80	2	2340.40	2
6/25/07	90	13.208	38.48	2580.00	2	2317.90	2
6/25/07	110	13.233	38.48	2588.00	2	2333.60	2
6/25/07	130	13.292	38.51	2587.40	2	2325.90	2
6/25/07	150	13.292	38.51	2589.60	2	2326.90	2
6/25/07	200	13.393	38.55	2603.00	2	2346.30	2
6/25/07	300	13.347	38.57	2592.50	2	2330.40	2
6/25/07	400	13.289	38.56	2600.00	2	2333.90	2
6/25/07	500	13.226	38.54	2599.40	2	2333.00	2
6/25/07	1000	12.943	38.48	2606.50	2	2345.10	2
6/25/07	1500	12.924	38.48	2587.50	2	2319.50	2
6/25/07	2000	12.923	38.48	2588.70	2	2320.80	2
7/17/07	5	22.002	38.31	2564.4	2	2226.3	2
7/17/07	10	20.181	38.34	2567.1	2	2230.1	2
7/17/07	20	18.934	38.30	2563.7	2	2241.6	2
7/17/07	30	15.118	38.23	2563.5	2	2276.2	2
7/17/07	40	13.567	38.26	2563.9	2	2308.9	2
7/17/07	50	13.345	38.29	2568.9	2	2311.4	2
7/17/07	70	13.311	38.37	2573.7	2	2311.3	2
7/17/07	90	13.253	38.41	2577.5	2	2316.7	2
7/17/07	110	13.238	38.44	2578.8	2	2316.7	2
7/17/07	130	NaN	38.46	2579.2	2	2307.9	2
7/17/07	150	13.271	38.47	2584.8	2	2323.5	2
7/17/07	200	13.240	38.53	2591.5	2	2322.1	2
7/17/07	300	13.310	38.58	2594.0	2	2329.9	2
7/17/07	400	13.316	38.57	2597.2	2	2334.0	2
7/17/07	500	13.244	38.55	2594.8	2	2326.6	2
7/17/07	1000	12.961	38.48	2589.2	2	2325.7	2
7/17/07	1500	12.920	38.47	2586.4	2	2316.6	2
7/17/07	2000	12.922	38.48	2586.7	2	2320.3	2
9/2/07	10	18.648	38.3033	2575.8	2	2257.7	2
9/2/07	20	14.767	38.3665	2583.8	2	2281.9	2
9/2/07	40	13.394	38.4337	2592.6	2	2344.4	2
9/2/07	60	13.201	38.4632	2588.3	2	2327.8	2
9/2/07	80	13.199	38.4759	2590.1	2	2330.3	2
9/2/07	100	13.206	38.4905	2592.4	2	2333.1	2
9/2/07	200	13.311	38.5528	2599.3	2	2331.0	2
9/2/07	500	13.127	38.5218	2596.9	2	2326.0	2
9/2/07	700	13.008	38.4923	2594.1	2	2325.8	2
9/2/07	1000	NaN	38.3151	2593.9	2	2325.2	2
9/2/07	1500	12.926	38.4757	2593.2	2	2322.2	2
9/2/07	2000	12.915	38.4758	2593.7	2	2323.5	2
10/6/07	10	19.078	38.3093	2569.3	2	2240.3	2
10/6/07	20	18.536	38.267	2571.7	2	2254.9	2
10/6/07	40	13.704	38.3691	2580.3	2	2298.2	2
10/6/07	60	13.271	38.409	2584.5	2	2330.8	2
10/6/07	80	13.229	38.4401	2586.8	2	2329.3	2
10/6/07	100	13.246	38.4672	2589.6	2	2332.7	2
10/6/07	200	13.351	38.5475	2598.0	2	2334.1	2
10/6/07	500	13.207	38.5402	2600.4	2	2331.3	2
10/6/07	700	13.078	38.509	2599.1	2	2329.5	2
10/6/07	1000	NaN	38.4767	2594.8	2	2327.5	2
10/6/07	1500	12.906	38.4696	2594.0	2	2325.6	2
10/6/07	2000	12.925	38.4784	2593.8	2	2324.0	2
11/5/07	10	17.878	38.089	2547.90	2	2217.5	2
11/5/07	20	17.817	38.0869	2547.50	2	2220.1	2
11/5/07	40	16.723	38.0213	2542.10	2	2236.2	2
11/5/07	60	14.611	38.0194	2552.80	2	2272.4	2
11/5/07	80	13.788	38.2141	2568.70	2	2301.3	2
11/5/07	100	13.466	38.2776	2572.10	2	2311.7	2
11/5/07	200	13.281	38.4947	2591.50	2	2330.8	2
11/5/07	500	13.257	38.5516	2600.10	2	2331.8	2
11/5/07	700	13.108	38.5158	2597.60	2	2328.5	2
11/5/07	1000	NaN	38.4766	NaN	0	NaN	0
11/5/07	1500	12.906	38.4685	2592.80	2	2323.7	2
11/5/07	2000	12.925	38.4786	2593.40	2	2323.7	2
12/14/07	10	14.159	38.1646	2552.3	2	2257.5	2
12/14/07	20	14.107	38.1661	2554.7	2	2261.0	2
12/14/07	40	13.934	38.2159	2563.2	2	2292.3	2
12/14/07	60	NaN	38.2872	NaN	0	NaN	0
12/14/07	80	13.348	38.3557	2574.2	2	2316.1	2
12/14/07	100	13.356	38.4183	2580.6	2	2321.1	2
12/14/07	200	13.261	38.4909	2587.6	2	2326.1	2
12/14/07	500	13.277	38.5556	2600.9	2	2331.6	2
12/14/07	700	13.128	38.5196	2593.3	2	2323.6	2
12/14/07	1000	12.963	38.4799	2590.4	2	2321.8	2
12/14/07	1500	12.896	38.4635	2590.2	2	2318.4	2
12/14/07	2000	12.925	38.4765	2590.1	2	2319.6	2
1/20/08	10	13.199	38.10	2558.1	2	2276.8	2
1/20/08	20	13.247	38.08	2562.6	2	2283.8	2
1/20/08	40	13.094	38.18	2560.0	2	2281.5	2
1/20/08	60	NaN	38.37	NaN	0	NaN	0
1/20/08	80	12.939	38.56	2560.7	2	2284.2	2
1/20/08	100	13.156	38.35	2572.7	2	2305.4	2
1/20/08	200	13.081	38.65	2583.3	2	2314.2	2
1/20/08	500	13.257	38.56	2595.4	2	2325.6	2
1/20/08	700	NaN	38.52	NaN	0	NaN	0
1/20/08	1000	NaN	38.49	NaN	0	NaN	0
1/20/08	1500	12.876	38.47	2589.3	2	2318.5	2
1/20/08	2000	12.906	38.48	2589.1	2	2318.6	2
2/15/08	10	13.129	38.23	2561.5	2	2279.8	2
2/15/08	20	13.414	38.27	2563.0	2	2278.7	2
2/15/08	40	13.171	38.42	2577.2	2	2309.6	2
2/15/08	60	13.279	38.38	2576.8	2	2297.0	2
2/15/08	80	NaN	38.42	2578.8	2	2312.3	2
2/15/08	100	NaN	38.39	2576.0	2	2304.4	2
2/15/08	200	NaN	38.53	2591.9	2	2327.2	2
2/15/08	500	13.267	38.55	2593.8	2	2322.3	2
2/15/08	700	13.118	38.52	2597.9	2	2325.6	2
2/15/08	1000	12.963	38.48	2590.0	2	2321.9	2
2/15/08	1500	12.896	38.46	2585.8	2	2315.6	2
2/15/08	2000	12.915	38.48	2588.3	2	2320.1	2
4/15/08	0	13.890	38.29	2560.7	2	2271.2	2
4/15/08	9	13.609	38.29	2564.5	2	2271.7	2
4/15/08	15	13.568	38.29	2564.9	2	2269.1	2
4/15/08	47	13.153	38.44	2580.1	2	2315.1	2
4/15/08	98	13.346	38.54	2589.0	2	2333.8	2
4/15/08	198	13.431	38.58	2592.3	2	2335.3	2
4/15/08	404	13.291	38.56	2595.6	2	2333.1	2
4/15/08	598	13.133	38.52	2583.3	2	2331.5	2
4/15/08	998	12.963	38.48	2591.1	2	2330.1	2
4/15/08	1499	12.896	38.47	2581.5	2	2324.8	2
4/15/08	1955	12.913	38.47	2584.2	2	2326.0	2
5/3/08	10	15.438	38.25	2576.6	2	2269.9	2
5/3/08	20	14.117	38.37	2580.5	2	2284.1	2
5/3/08	39	13.394	38.46	2582.5	2	2316.9	2
5/3/08	60	13.371	38.48	2588.7	2	2326.6	2
5/3/08	79	13.308	38.48	2588.9	2	2330.5	2
5/3/08	100	13.326	38.51	2593.2	2	2337.7	2
5/3/08	200	13.221	38.52	2594.8	2	2337.0	2
5/3/08	500	13.227	38.54	2598.9	2	2334.1	2
5/3/08	702	13.098	38.51	2594.6	2	2331.0	2
5/3/08	1001	12.943	38.48	2593.4	2	2331.9	2
5/3/08	1499	12.886	38.46	2590.4	2	2329.6	2
5/3/08	1999	12.906	38.47	2589.4	2	2327.5	2
7/12/08	10	NaN	38.32	2578.0	2	2252.4	2
7/12/08	20	14.487	38.40	2580.3	2	2277.5	2
7/12/08	40	13.384	38.42	2581.9	2	2321.6	2
7/12/08	60	13.261	38.46	2585.7	2	2329.1	2
7/12/08	81	13.218	38.47	2584.6	2	2329.2	2
7/12/08	100	13.216	38.49	2592.3	2	2334.6	2
7/12/08	200	13.291	38.54	2592.9	2	2332.8	2
7/12/08	500	13.247	38.55	2597.3	2	2333.5	2
7/12/08	700	13.098	38.52	2595.9	2	2330.5	2
7/12/08	986	12.965	38.46	2591.0	2	2328.2	2
7/12/08	1499	12.876	38.47	2587.1	2	2325.3	2
7/12/08	1999	12.906	38.47	2590.3	2	2327.7	2
8/22/08	10	17.898	38.36	2586.5	2	2237.8	2
8/22/08	20	14.407	38.43	2582.9	2	2288.8	2
8/22/08	40	13.304	38.44	2582.6	2	2326.5	2
8/22/08	60	13.261	38.47	2583.4	2	2335.2	2
8/22/08	100	13.246	38.50	2585.4	2	2322.8	2
8/22/08	200	13.321	38.55	2592.4	2	2336.8	2
8/22/08	500	13.217	38.55	2593.1	2	2318.4	2
8/22/08	700	13.088	38.52	2592.6	2	2326.0	2
8/22/08	1000	12.956	38.48	2588.5	2	2325.6	2
8/22/08	1500	12.891	38.47	2586.5	2	2314.3	2
8/22/08	2000	12.906	38.48	2585.8	2	2317.1	2
9/11/08	10	23.098	38.55	2582.8	2	2239.7	2
9/11/08	20	14.677	38.36	2587.4	2	2274.4	2
9/11/08	40	NaN	38.40	NaN	0	NaN	0
9/11/08	60	13.252	38.44	2582.0	2	2326.8	2
9/11/08	80	13.239	38.48	2585.1	2	2329.0	2
9/11/08	100	13.266	38.51	2589.2	2	2328.2	2
9/11/08	200	13.292	38.54	2595.9	2	2319.7	2
9/11/08	500	13.198	38.54	2597.3	2	2326.0	2
9/11/08	700	13.088	38.51	2593.9	2	2322.8	2
9/11/08	1000	NaN	38.48	2591.5	2	2321.7	2
9/11/08	1500	12.874	38.46	2590.4	2	2320.7	2
9/11/08	2000	12.913	38.48	2588.7	2	2317.5	2
10/12/08	10	18.948	38.46	2570.3	2	2294.0	2
10/12/08	20	18.766	38.43	2585.8	2	2269.8	2
10/12/08	40	13.414	38.47	2587.1	2	2343.3	2
10/12/08	60	13.301	38.49	2587.3	2	2337.4	2
10/12/08	80	13.279	38.51	2589.2	2	2334.1	2
10/12/08	100	NaN	38.53	2590.8	2	2332.0	2
10/12/08	200	13.311	38.55	2594.7	2	2319.1	2
10/12/08	500	13.227	38.55	2595.8	2	2330.5	2
10/12/08	700	13.077	38.51	2592.1	2	2323.8	2
10/12/08	1000	NaN	38.48	2590.0	2	2316.5	2
10/12/08	1500	12.893	38.47	2588.5	2	2315.8	2
10/12/08	2000	12.901	38.48	2589.5	2	2323.9	2
11/19/08	10	15.638	38.26	2569.6	2	2259.2	2
11/19/08	20	15.257	38.32	2573.8	2	2264.0	2
11/19/08	40	15.204	38.33	2577.4	2	2271.3	2
11/19/08	60	NaN	38.33	NaN	0	NaN	0
11/19/08	80	13.718	38.42	2578.7	2	2305.8	2
11/19/08	100	13.295	38.48	2586.7	2	2325.2	2
11/19/08	200	13.401	38.55	2596.0	2	2326.5	2
11/19/08	500	13.277	38.56	2598.2	2	2306.5	2
11/19/08	700	NaN	38.52	2593.9	2	2308.3	2
11/19/08	1000	12.984	38.49	2591.7	2	2322.2	2
11/19/08	1500	12.877	38.46	2590.4	2	2322.8	2
11/19/08	2000	12.906	38.48	2590.2	2	2322.6	2
1/21/09	10	14.406	38.054	2548.2	2	2240.5	2
1/21/09	20	14.403	38.054	2551.3	2	2242.6	2
1/21/09	40	14.374	38.054	2549.8	2	2244.4	2
1/21/09	60	14.273	38.054	2550.1	2	2249.0	2
1/21/09	80	14.185	38.091	2553.2	2	2251.2	2
1/21/09	100	13.898	38.134	2548.7	2	2252.6	2
1/21/09	200	13.515	38.463	2578.7	2	2308.9	2
1/21/09	500	NaN	38.592	2599.1	2	2329.8	2
1/21/09	700	13.281	38.557	2597.4	2	2330.1	2
1/21/09	1000	13.086	38.51	2587.9	2	2328.8	2
1/21/09	2000	NaN	38.475	2590.2	2	2324.2	2
3/13/09	10	13.092	38.334	2573.6	2	2290.3	2
3/13/09	20	13.061	38.366	2579.2	2	2294.3	2
3/13/09	40	13.013	38.428	2582.5	2	2303.1	2
3/13/09	60	13.028	38.457	2584.0	2	2310.0	2
3/13/09	80	13.106	38.457	2585.0	2	2317.9	2
3/13/09	100	13.144	38.474	2586.6	2	2320.4	2
3/13/09	200	13.317	38.543	2591.9	2	2327.9	2
3/13/09	500	13.287	NaN	NaN	0	NaN	0
3/13/09	700	NaN	38.561	2597.8	2	2330.7	2
3/13/09	1000	13.011	38.497	2590.8	2	2322.7	2
3/13/09	1500	12.893	38.468	2591.3	2	2321.9	2
3/13/09	2000	12.903	38.476	2590.3	2	2319.9	2
4/13/09	10	14.412	38.11	2554.0	2	2252.6	2
4/13/09	20	13.554	38.166	2562.0	2	2261.9	2
4/13/09	40	13.222	38.264	2564.9	2	2289.4	2
4/13/09	60	13.231	38.322	2570.1	2	2296.6	2
4/13/09	80	13.209	38.347	2572.7	2	2301.5	2
4/13/09	100	13.245	38.384	2577.0	2	2311.9	2
4/13/09	200	13.324	38.5	2587.4	2	2322.2	2
4/13/09	500	13.444	38.592	2599.7	2	2329.9	2
4/13/09	700	13.302	38.57	2598.1	2	2327.7	2
4/13/09	1000	13.077	38.515	2588.2	2	2322.8	2
4/13/09	1500	12.917	38.476	2589.7	2	2322.8	2
4/13/09	2000	12.902	38.478	2585.0	2	2321.0	2
5/18/09	10	17.375	38.1	2554.7	2	2259.9	2
5/18/09	20	14.850	38.17	2559.4	2	2262.5	2
5/18/09	40	13.340	38.252	2563.8	2	2284.8	2
5/18/09	60	13.237	38.357	2565.5	2	2308.6	2
5/18/09	80	13.356	38.41	2579.7	2	2314.5	2
5/18/09	100	13.238	38.41	2571.0	2	2317.7	2
5/18/09	200	13.283	38.5	2586.6	2	2328.5	2
5/18/09	500	13.387	38.59	2596.5	2	2332.3	2
5/18/09	700	13.211	38.55	2595.4	2	2329.7	2
5/18/09	1000	13.015	38.51	2593.4	2	2328.0	2
5/18/09	1500	12.895	38.47	2592.0	2	2325.5	2
5/18/09	2000	12.901	38.48	2587.7	2	2324.3	2
7/17/09	10	22.997	38.2	2559.5	2	2232.8	2
7/17/09	20	14.904	38.28	2570.2	2	2255.9	2
7/17/09	40	13.376	38.4	2573.5	2	2319.0	2
7/17/09	60	13.252	38.43	2580.5	2	2326.0	2
7/17/09	80	13.226	38.44	2580.7	2	2326.0	2
7/17/09	100	13.295	38.47	2583.0	2	2328.8	2
7/17/09	200	13.402	38.56	2596.5	2	2336.8	2
7/17/09	500	13.333	38.58	2596.9	2	2334.5	2
7/17/09	700	13.179	38.54	2595.8	2	2333.9	2
7/17/09	1000	12.997	NaN	NaN	0	NaN	0
7/17/09	1500	12.876	38.469	2587.6	2	2320.4	2
7/17/09	2000	12.901	38.48	2586.5	2	2327.3	2
2/15/10	10	12.93	38.35	2573.1	2	2296.6	2
2/15/10	20	12.91	38.39	2575.0	2	2308.6	2
2/15/10	40	12.93	38.40	2579.8	2	2312.2	2
2/15/10	60	12.95	38.41	2579.4	2	2312.3	2
2/15/10	80	12.99	38.43	2582.7	2	2312.0	2
2/15/10	100	12.98	38.43	2580.7	2	2314.2	2
2/15/10	200	12.99	38.44	2581.2	2	2311.7	2
2/15/10	500	13.41	38.60	2600.2	2	2329.3	2
2/15/10	700	13.24	38.56	2598.5	2	2327.2	2
2/15/10	1000	13.02	38.51	2593.4	2	2323.6	2
5/11/10	10	16.46	37.78	2555.9	2	2246.7	2
5/11/10	20	14.10	38.25	2572.6	2	2277.0	2
5/11/10	40	13.50	38.36	2578.4	2	2302.4	2
5/11/10	60	13.26	38.39	2580.6	2	2314.1	2
5/11/10	80	13.24	38.41	2584.4	2	2310.2	2
5/11/10	100	13.37	38.47	2587.7	2	2319.1	2
5/11/10	200	13.29	38.50	2592.9	2	2328.9	2
5/11/10	500	13.29	38.53	2595.9	2	2330.3	2
5/11/10	700	13.21	38.52	2596.4	2	2329.2	2
5/11/10	1000	13.03	38.47	2590.9	2	2325.6	2
5/11/10	1500	12.88	38.44	2588.4	2	2323.3	2
5/11/10	2000	12.89	38.45	2595.9	2	2331.0	2
6/13/10	10	16.83	38.15	2560.8	2	2238.6	2
6/13/10	20	13.81	38.07	2551.9	2	2251.8	2
6/13/10	40	13.07	38.11	2554.1	2	2285.6	2
6/13/10	60	13.15	38.21	2564.6	2	2295.0	2
6/13/10	80	13.15	38.26	2569.3	2	2304.4	2
6/13/10	100	13.13	38.30	2572.9	2	2307.1	2
6/13/10	200	13.42	38.51	2594.9	2	2331.8	2
6/13/10	500	13.39	38.55	2601.0	2	2327.8	2
6/13/10	700	13.25	38.52	2597.4	2	2330.6	2
6/13/10	1000	13.08	38.48	2594.1	2	2329.4	2
6/13/10	1500	12.88	38.43	2589.4	2	2327.6	2
6/13/10	2000	12.89	38.44	2591.2	2	2325.3	2
7/13/10	50	13.53	38.35	2580.6	2	2304.7	2
7/13/10	70	13.32	38.40	2583.0	2	2313.3	2
7/13/10	100	13.30	38.46	2589.3	2	2325.4	2
7/13/10	200	13.32	38.52	2593.9	2	2327.9	2
7/13/10	500	13.27	38.52	2599.2	2	2322.1	2
7/13/10	700	13.18	38.50	2595.7	2	2325.3	2
7/13/10	1000	13.02	38.46	2592.8	2	2324.1	2
7/13/10	1500	12.88	38.43	2591.1	2	2323.5	2
7/13/10	2000	12.89	38.44	2588.8	2	2326.9	2
9/4/10	10	22.49	38.31	2569.3	2	2224	2
9/4/10	30	15.08	38.27	2573.4	2	2269.9	2
9/4/10	45	13.53	38.34	2579.4	2	2315.6	2
9/4/10	61	13.29	38.37	2580.4	2	2327.1	2
9/4/10	81	13.29	38.41	2585.3	2	2328.4	2
9/4/10	101	13.29	38.44	2586.6	2	2331.5	2
9/4/10	202	13.48	38.55	2600.5	2	2336.5	2
9/4/10	503	13.30	38.53	2598	2	2335.9	2
9/4/10	707	13.19	38.51	2596.9	2	2328.9	2
9/4/10	1011	13.02	38.46	2594.4	2	2325.9	2
9/4/10	1518	12.88	38.43	2591.1	2	2321.6	2
9/4/10	2026	12.89	38.44	2592.3	2	2329.5	2
10/23/10	10	17.22	38.24	2596.4	2	2335.3	2
10/23/10	31	16.95	38.23	2592.6	2	2336	2
10/23/10	46	13.94	38.10	2571.6	2	2320	2
10/23/10	76	13.42	38.25	2570	2	2315.3	2
10/23/10	101	13.33	38.32	2554.3	2	2286.8	2
10/23/10	202	13.40	38.50	2568.2	2	2244.7	2
10/23/10	305	13.37	38.53	2567.2	2	2245.8	2
10/23/10	404	13.34	38.53	2594.5	2	2329.3	2
10/23/10	759	13.17	38.50	2590.3	2	2325.8	2
10/23/10	1011	13.00	38.46	2595.6	2	2329.2	2
10/23/10	1518	12.88	38.43	2597.3	2	2330.6	2
10/23/10	2027	12.89	38.44	2598	2	2333.8	2
11/14/10	10	15.79	38.08	2554.3	2	2245.4	2
11/14/10	20	15.48	38.10	2556.5	2	2251.8	2
11/14/10	30	13.58	38.20	NaN	0	NaN	0
11/14/10	51	13.42	38.27	2567.3	2	2313.3	2
11/14/10	71	13.35	38.31	2573.5	2	2316.5	2
11/14/10	101	13.38	38.39	2580.5	2	2322.1	2
11/14/10	203	13.44	38.50	2568.9	2	2300.7	2
11/14/10	506	13.33	38.53	NaN	0	NaN	0
11/14/10	708	13.23	38.51	2598	2	2329.7	2
11/14/10	1011	13.06	38.47	2594.6	2	2328.3	2
11/14/10	1517	12.89	38.43	2592.2	2	2325.6	2
11/14/10	2026	12.90	38.44	2591.9	2	2328	2
12/14/10	6	13.89	38.11	2557.3	2	2269.8	2
12/14/10	21	13.82	38.12	2558.3	2	2275.8	2
12/14/10	51	13.73	38.14	2562.5	2	2280.9	2
12/14/10	74	13.72	38.25	NaN	0	NaN	0
12/14/10	102	13.44	38.30	2572	2	2315.6	2
12/14/10	204	13.48	38.47	2588.1	2	2330.9	2
12/14/10	305	13.49	38.53	2596.5	2	2337.8	2
12/14/10	505	13.35	38.54	2598.9	2	2334.8	2
12/14/10	757	13.21	38.51	2598.1	2	2331.6	2
12/14/10	1006	13.06	38.47	2594.3	2	2327.7	2
12/14/10	1516	12.88	38.43	2591.1	2	2325.1	2
12/14/10	2030	12.89	38.44	2592.5	2	2326.5	2
5/20/11	15	18.128	38.10	2559.3	2	2249.8	2
5/20/11	45	13.480	38.23	2564.4	2	2305.5	2
5/20/11	85	13.435	38.41	2580.5	2	2322.4	2
5/20/11	160	13.405	38.52	2596.1	2	2334.5	2
5/20/11	220	13.602	38.61	2608.1	2	2341.2	2
5/20/11	270	13.551	38.60	2600.5	2	2335.1	2
5/20/11	350	13.474	38.60	2606.2	2	2339.2	2
5/20/11	500	13.372	38.58	2603.8	2	2337.2	2
5/20/11	700	13.242	38.55	2599.2	2	2330.7	2
5/20/11	1000	13.037	38.50	2595.7	2	2328.8	2
5/20/11	1500	12.893	38.47	2596.7	2	2327.6	2
5/20/11	2000	12.895	38.47	2596.8	2	2329.1	2
6/15/11	10	20.081	38.14	2564.3	2	2242.3	2
6/15/11	30	13.596	38.27	2577.9	2	2282.1	2
6/15/11	50	13.121	38.34	2584.2	2	2326.8	2
6/15/11	80	13.500	38.50	2595.7	2	2332.6	2
6/15/11	150	13.341	38.52	2593.0	2	2334.1	2
6/15/11	300	13.427	38.58	2607.0	2	2334.2	2
6/15/11	500	NaN	38.59	2607.6	2	2334.7	2
6/15/11	700	13.250	38.55	2612.6	2	2337.9	2
6/15/11	1000	13.066	38.51	2595.8	2	2329.8	2
6/15/11	1500	12.893	38.46	2599.1	2	2333.3	2
6/15/11	2000	12.895	38.47	2589.8	2	2321.3	2
8/13/11	4	22.308	38.25	2570.4	2	2242.4	2
8/13/11	10	22.116	38.24	2567.3	2	2238.2	2
8/13/11	30	14.244	38.21	2570.5	2	2272.4	2
8/13/11	50	13.413	38.27	2572.7	2	2307.9	2
8/13/11	100	13.251	38.41	2581.7	2	2327.0	2
8/13/11	200	13.367	38.53	2601.4	2	2341.9	2
8/13/11	400	13.433	38.59	2603.0	2	2336.1	2
8/13/11	500	13.364	38.58	2600.3	2	2338.8	2
8/13/11	700	13.235	38.55	2599.9	2	2336.7	2
8/13/11	1000	13.060	38.51	2598.5	2	2332.2	2
8/13/11	1500	12.905	38.47	2594.7	2	2330.2	2
8/13/11	2000	12.893	38.47	2591.4	2	2332.5	2
9/16/11	5	23.787	38.27	2559.2	2	2225.0	2
9/16/11	10	23.469	38.25	2561.2	2	2226.3	2
9/16/11	30	15.303	38.18	NaN	0	NaN	0
9/16/11	50	13.478	38.22	2562.9	2	2298.3	2
9/16/11	100	13.221	38.35	2577.6	2	2322.1	2
9/16/11	200	13.481	38.55	NaN	0	NaN	0
9/16/11	300	13.509	38.60	2609.8	2	2343.6	2
9/16/11	500	13.391	38.59	2605.8	2	2337.0	2
9/16/11	1000	13.026	38.50	2604.3	2	2334.0	2
9/16/11	1500	12.891	38.47	2595.3	2	2329.2	2
9/16/11	2000	12.891	38.47	2594.6	2	2328.1	2
1/24/12	60	13.05	38.306	2568.5	2	2284.9	2
1/24/12	80	13.05	38.313	2573.5	2	2292.3	2
1/24/12	120	13.07	38.417	2573.4	2	2293.1	2
1/24/12	200	13.39	38.536	2598.3	2	2338.4	2
1/24/12	400	13.45	38.597	2606.8	2	2339.1	2
1/24/12	600	13.29	38.57	2603.6	2	2333.3	2
1/24/12	800	13.12	38.528	2601.0	2	2332.1	2
1/24/12	2000	12.89	38.474	2596.6	2	2325.2	2
2/14/12	11	13.17	38.241	2575.4	2	2299.0	2
2/14/12	31	13.14	38.261	2571.0	2	2290.8	2
2/14/12	51	13.21	38.211	2577.4	2	2304.2	2
2/14/12	82	13.00	38.308	2569.2	2	2286.9	2
2/14/12	122	13.00	38.32	2576.2	2	2299.1	2
2/14/12	203	13.21	38.403	2584.0	2	2316.7	2
2/14/12	300	13.05	38.434	2586.2	2	2317.8	2
2/14/12	502	13.15	38.551	2593.8	2	2325.8	2
2/14/12	809	13.30	38.55	2603.7	2	2332.4	2
2/14/12	1010	13.13	38.523	2600.2	2	2329.1	2
2/14/12	1520	12.90	38.468	2597.5	2	2329.7	2
2/14/12	2026	12.89	38.474	2596.4	2	2325.7	2
7/28/12	9	21.49	38.33	2572.4	2	2254.5	2
7/28/12	29	16.02	38.24	2569.4	2	2276.3	2
7/28/12	59	13.54	38.27	2571.3	2	2310.3	2
7/28/12	102	13.39	38.41	2587.6	2	2334.2	2
7/28/12	407	13.43	38.59	2603.6	2	2342.4	2
7/28/12	509	13.28	38.56	2600.1	2	2342.4	2
7/28/12	1021	13.03	38.51	2597.9	2	2335.4	2
7/28/12	1535	12.90	38.47	2594.6	2	2330.9	2
7/28/12	2226	12.90	38.48	2594.3	2	2339.7	2
7/28/12	2342	12.90	38.48	NaN	0	NaN	0
9/21/12	10	22.5633	38.404	2552.4	3	2225.1	3
9/21/12	30	16.499	38.0719	2551.7	3	2233.3	3
9/21/12	51	14.1429	38.0908	2551.4	2	2263.8	2
9/21/12	80	13.4257	38.204	2557.2	2	2298.5	2
9/21/12	121	13.3856	38.3088	2573.3	2	2314.3	2
9/21/12	200	13.448	38.4903	2590.1	2	2328.8	2
9/21/12	300	13.4624	38.5592	2595.8	2	2328.6	2
9/21/12	503	13.4179	38.5733	2595.8	2	2337	2
9/21/12	1000	13.2713	38.5156	2598.4	3	2315.2	3
9/21/12	1502	13.1379	38.4758	2601.3	2	2337.4	2
9/21/12	2003	13.2048	38.4784	2592.2	2	2329	2
12/11/12	12	14.4048	38.1732	2563.8	2	2266.1	2
12/11/12	31	13.8728	38.2154	2564.3	2	2284.1	2
12/11/12	43	13.694	38.2544	2566.1	2	2276.9	2
12/11/12	58	13.591	38.275	2570.8	2	2287.5	2
12/11/12	80	13.4394	38.4007	2584.7	2	2322	2
12/11/12	121	13.4503	38.5111	2588.9	2	2333.8	2
12/11/12	190	13.6212	38.592	2599.3	2	2332	2
12/11/12	339	13.5464	38.6018	2605.9	2	2337.3	2
12/11/12	793	13.2821	38.5132	2599.5	2	2334	2
12/11/12	994	13.1623	38.4967	2604	2	2339.2	2
12/11/12	1500	13.1204	38.4671	2590	2	2325.3	2
12/11/12	1999	13.2001	38.4773	2595.7	2	2326.1	2
3/12/13	10	13.3444	38.4992	2591	2	2314.1	2
3/12/13	22	13.1873	38.503	2593.1	3	2306.1	3
3/12/13	35	13.1565	38.4991	2601.9	3	2315.1	3
3/12/13	79	13.1555	38.5232	2592	2	2327.4	2
3/12/13	101	13.1575	38.5274	2600.8	3	2325.9	3
3/12/13	151	13.1513	38.5263	2593.1	3	2321.3	3
3/12/13	201	13.1554	38.5261	2591.7	2	2323.2	2
3/12/13	401	13.1861	38.5287	2590.1	2	2320.7	2
3/12/13	700	13.24	38.5355	2604.1	2	2332.1	2
3/12/13	1000	13.0986	38.4863	2597.8	2	2332.5	2
3/12/13	1501	13.1287	38.4774	2603.2	3	2318.3	3
3/12/13	2000	13.2038	38.4804	2589.7	2	2319.4	2
4/14/13	11	13.4523	38.3865	2585.3	2	2298.9	2
4/14/13	15	13.3809	38.3849	2583.9	3	2288.6	3
4/14/13	31	13.3546	38.3867	2585.1	2	2304.4	2
4/14/13	71	13.1919	38.4675	2592.9	2	2327.5	2
4/14/13	101	13.2689	38.5204	2595.7	2	2331.2	2
4/14/13	149	13.3837	38.5647	2598.4	2	2335.6	2
4/14/13	201	13.4524	38.5905	2603.6	2	2335.2	2
4/14/13	401	13.2607	38.5456	2610.2	2	2333.6	2
4/14/13	1001	13.2401	38.5228	2603.8	2	2338.8	2
4/14/13	1501	13.1365	38.4763	2595.1	2	2323.3	2
4/14/13	2001	13.2047	38.4795	2599.2	2	2334.5	2
7/14/13	10	20.5912	38.3676	2591.5	2	2264	2
7/14/13	30	14.3534	38.382	2586.5	2	2280.9	2
7/14/13	44	13.3788	38.3918	2578.5	2	2319.1	2
7/14/13	81	13.3725	38.4801	2586.1	2	2329.8	2
7/14/13	101	13.3468	38.4959	2590.8	2	2324.5	2
7/14/13	149	13.3935	38.535	2602.5	2	2340.7	2
7/14/13	199	13.3945	38.555	2599	2	2330	2
7/14/13	400	13.3388	38.561	2599.3	2	2333.2	2
7/14/13	700	13.2613	38.537	2598.1	3	2322.6	3
7/14/13	1001	13.1996	38.5116	2599.9	2	2336.7	2
7/14/13	1501	13.1356	38.4768	2594.4	2	2328.4	2
7/14/13	2001	13.206	38.4803	2588.7	2	2326.5	2
8/27/13	10	24.1386	38.4908	2585	3	2235.5	3
8/27/13	31	14.7611	38.2544	2568.7	2	2250.6	2
8/27/13	41	13.6317	38.3135	2583	2	2300.6	2
8/27/13	79	13.3904	38.4315	2590.4	3	2314	3
8/27/13	101	13.4076	38.4674	2589.2	2	2328.4	2
8/27/13	150	13.3225	38.4966	2590.7	2	2336.7	2
8/27/13	201	13.346	38.5321	2597.1	2	2336.9	2
8/27/13	401	13.3381	38.5608	2594.9	2	2332	2
8/27/13	1001	13.2194	38.5172	2603.6	2	2338.2	2
8/27/13	1501	13.1494	38.4812	2593.9	2	2323	2
8/27/13	2000	13.2073	38.4811	2598.6	2	2329.5	2
9/14/13	10	21.4958	38.4437	2579.1	2	2239.1	2
9/14/13	30	14.78	38.2351	2564.9	2	2254.6	2
9/14/13	44	13.7267	38.3035	2576.2	2	2303.4	2
9/14/13	81	13.3411	38.4027	2582.9	2	2328.8	2
9/14/13	101	13.3131	38.4441	2587	2	2330.2	2
9/14/13	150	13.3882	38.5098	2594.2	2	2335.8	2
9/14/13	201	13.4529	38.5547	2594.1	2	2335.9	2
9/14/13	402	13.3586	38.5661	2597.7	2	2333.9	2
9/14/13	701	13.2722	38.5403	2604.3	2	2335.1	2
9/14/13	1001	13.2106	38.5151	2597	2	2333.2	2
9/14/13	1500	13.1379	38.478	2591.1	2	2326.1	2
9/14/13	2000	13.2051	38.4806	2594.2	2	2329.7	2
10/24/13	11	19.1056	38.2762	2572.7	2	2240.8	2
10/24/13	30	17.5478	38.3081	2574.9	3	2242.2	3
10/24/13	80	13.3665	38.3941	2583.1	2	2332.9	2
10/24/13	101	13.3218	38.4317	2592.8	2	2336.9	2
10/24/13	201	13.3881	38.5371	2595.7	2	2335.6	2
10/24/13	700	13.2799	38.5423	2603.9	2	2327	2
10/24/13	1518	13.139	38.4779	2595.2	2	2329.6	2
10/24/13	2025	13.2104	38.4816	2589.9	2	2327.4	2
3/11/14	11.040	14.082	38.058	2560.2	2	2259.2	2
3/11/14	25.062	14.039	38.059	2556.1	2	2260.6	2
3/11/14	50.613	13.617	38.085	2554.8	2	2258.3	2
3/11/14	80.307	13.512	38.127	2560.3	2	2272.8	2
3/11/14	100.223	13.441	38.162	2562.7	2	2275.2	2
3/11/14	151.905	13.443	38.318	2575.1	2	2304.1	2
3/11/14	202.385	13.563	38.479	2591	2	2333	2
3/11/14	403.029	13.663	38.640	2607.6	2	2339.3	2
3/11/14	703.828	13.315	38.574	2607.6	2	2348.4	2
3/11/14	1001.082	13.103	38.523	2597.8	2	2335.8	2
3/11/14	1502.415	12.928	38.482	2594	2	2334.2	2
3/11/14	2368.971	12.911	38.489	2595.8	2	2331.2	2
5/10/14	9.730	16.512	38.134	2557.3	2	2265.2	2
5/10/14	30.337	14.361	38.195	NaN	9	NaN	9
5/10/14	38.035	13.919	38.224	2563.8	4	2274	4
5/10/14	80.825	13.292	38.321	NaN	9	NaN	9
5/10/14	100.921	13.422	38.418	NaN	9	NaN	9
5/10/14	150.182	13.528	38.518	2597.5	2	2340.4	2
5/10/14	200.609	13.563	38.576	NaN	9	NaN	9
5/10/14	400.756	13.409	38.591	2602	2	2347.4	2
5/10/14	700.877	13.179	38.541	NaN	9	NaN	9
5/10/14	1001.033	13.032	38.506	2597.6	2	2329.6	2
5/10/14	1201.064	12.957	38.487	NaN	9	NaN	9
5/10/14	1499.335	12.914	38.479	2591.3	2	2323.7	2
6/17/14	10.077	20.577	38.316	2565.5	2	2252.5	2
6/17/14	30.474	14.989	38.260	2565.1	2	2257.1	2
6/17/14	47.578	13.518	38.298	2593.4	2	2334.7	2
6/17/14	80.610	13.353	38.385	2580	2	2329.9	2
6/17/14	111.013	13.430	38.465	2587.9	2	2347.1	2
6/17/14	150.699	13.485	38.531	2599.2	2	2353.4	2
6/17/14	203.364	13.505	38.568	2593.7	2	2340.4	2
6/17/14	403.264	13.482	38.609	2600.8	2	2343.2	2
6/17/14	701.241	13.254	38.561	2599.4	2	2340.4	2
6/17/14	1000.422	13.060	38.514	2597.1	2	2339.3	2
6/17/14	1502.558	12.920	38.480	2588.8	2	2333.4	2
6/17/14	1995.326	12.904	38.482	2590.8	2	2341.5	2
8/9/14	9.607	22.258	38.322	2561.8	2	2244.8	2
8/9/14	20.299	16.341	38.284	2589.8	2	2319.4	2
8/9/14	49.923	13.434	38.321	2573.8	2	2312.3	2
8/9/14	80.455	13.307	38.377	2576.4	2	2323.2	2
8/9/14	100.764	13.352	38.425	2589.6	2	2311.5	2
8/9/14	200.970	13.512	38.576	2595.5	2	2339.4	2
8/9/14	300.927	13.627	38.639	2602.3	2	2343.4	2
8/9/14	500.498	13.399	38.596	2597.4	2	2334.4	2
8/9/14	1001.441	13.028	38.505	2593.4	2	2328.6	2
8/9/14	1500.443	12.916	38.479	2589	2	2331.6	2
8/9/14	1999.448	12.905	38.482	2594.4	2	2330.3	2
8/9/14	2380.576	12.912	38.489	2594.4	2	2329.3	2
9/16/14	10.008	22.506	38.442	2583.2	2	2247.8	2
9/16/14	20.303	15.916	38.320	2575.7	2	2278.9	2
9/16/14	39.925	13.610	38.341	2575.9	2	2316	2
9/16/14	81.250	13.403	38.449	2583.8	2	2338.8	2
9/16/14	101.047	13.344	38.457	2588.4	2	2332.7	2
9/16/14	201.341	13.449	38.570	2597.9	2	2340.5	2
9/16/14	301.547	13.389	38.578	2599.2	2	2346.5	2
9/16/14	501.591	13.354	38.587	2607.5	2	2340.1	2
9/16/14	1001.146	13.009	38.501	2594.4	2	2329.3	2
9/16/14	1499.554	12.912	38.480	2594.4	2	2332.5	2
9/16/14	1999.574	12.904	38.483	NaN	9	NaN	9
9/16/14	2467.755	12.912	38.491	2592.8	2	2344.5	2
11/14/14	20.129	19.091	37.951	2544.3	2	2218	2
11/14/14	40.979	16.448	38.197	2565	2	2268	2
11/14/14	60.855	14.051	38.247	2572.9	2	2303	2
11/14/14	80.706	13.681	38.314	2567.8	2	2309.8	2
11/14/14	101.976	13.429	38.390	2592.8	2	2340.3	2
11/14/14	201.903	13.714	38.606	2599.5	2	2340.2	2
11/14/14	401.890	13.456	38.602	2599.3	2	2347.2	2
11/14/14	601.793	13.302	38.574	NaN	9	NaN	9
11/14/14	1000.079	13.017	38.505	2588.7	2	2355.3	2
11/14/14	1499.954	12.914	38.481	2592.5	2	2329.3	2
11/14/14	2002.033	12.903	38.484	2589.1	2	2330.5	2
11/14/14	2383.384	12.912	38.491	2584.7	2	2326.9	2
12/10/14	9.133	16.469	37.949	2540.8	2	2233.6	2
12/10/14	28.942	16.261	37.959	2540.2	2	2236.9	2
12/10/14	59.548	14.718	38.100	2554.7	2	2278.9	2
12/10/14	79.494	13.963	38.235	2565.4	2	2302.3	2
12/10/14	101.122	13.470	38.332	2598.4	2	2347.2	2
12/10/14	201.125	13.632	38.582	2601.6	2	2336.4	2
12/10/14	400.309	13.435	38.596	2596.8	2	2340.5	2
12/10/14	701.852	13.182	38.546	2598.9	2	2333.6	2
12/10/14	1002.720	13.020	38.506	2591.6	2	2329	2
12/10/14	1499.933	12.912	38.481	2593.6	2	2327.4	2
12/10/14	2001.646	12.903	38.484	2590.7	2	2327.7	2
12/10/14	2393.888	12.912	38.491	2603.1	2	2342.3	2